x,y,ux,uy,p,boundary
0.0,0.0,0.0,0.0,3268.67749646957,3
0.003,0.0,0.0,0.0,2994.21600564154,2
0.006,0.0,0.0,0.0,2365.62354505571,2
0.009,0.0,0.0,0.0,1981.21303615715,2
0.012,0.0,0.0,0.0,1763.86138506339,2
0.015,0.0,0.0,0.0,1629.68943983757,2
0.018,0.0,0.0,0.0,1542.49645814121,2
0.021,0.0,0.0,0.0,1482.40533867936,2
0.024,0.0,0.0,0.0,1439.08964381177,2
0.027,0.0,0.0,0.0,1406.67054718267,2
0.03,0.0,0.0,0.0,1381.65675402185,2
0.033,0.0,0.0,0.0,1361.85854721098,2
0.036,0.0,0.0,0.0,1345.8418602372,2
0.039,0.0,0.0,0.0,1332.63018426688,2
0.042,0.0,0.0,0.0,1321.5362516458,2
0.045,0.0,0.0,0.0,1312.06240175081,2
0.048,0.0,0.0,0.0,1303.83934539853,2
0.051,0.0,0.0,0.0,1296.5871649994,2
0.054,0.0,0.0,0.0,1290.08968370814,2
0.057,0.0,0.0,0.0,1284.17713479111,2
0.06,0.0,0.0,0.0,1278.71413801317,2
0.063,0.0,0.0,0.0,1273.59115904745,2
0.066,0.0,0.0,0.0,1268.7183089531,2
0.069,0.0,0.0,0.0,1264.02074910517,2
0.072,0.0,0.0,0.0,1259.43521854157,2
0.075,0.0,0.0,0.0,1254.90735958664,2
0.078,0.0,0.0,0.0,1250.38962030651,2
0.081,0.0,0.0,0.0,1245.83958017071,2
0.084,0.0,0.0,0.0,1241.21859101549,2
0.087,0.0,0.0,0.0,1236.4906568544,2
0.09,0.0,0.0,0.0,1231.62149816085,2
0.093,0.0,0.0,0.0,1226.57776207701,2
0.096,0.0,0.0,0.0,1221.32635160796,2
0.099,0.0,0.0,0.0,1215.83385556603,2
0.102,0.0,0.0,0.0,1210.06606771573,2
0.105,0.0,0.0,0.0,1203.98758881167,2
0.108,0.0,0.0,0.0,1197.5615093967,2
0.111,0.0,0.0,0.0,1190.74917456396,2
0.114,0.0,0.0,0.0,1183.51003451422,2
0.117,0.0,0.0,0.0,1175.8015867048,2
0.12,0.0,0.0,0.0,1167.57941668287,2
0.123,0.0,0.0,0.0,1158.79734526977,2
0.126,0.0,0.0,0.0,1149.40768953761,2
0.129,0.0,0.0,0.0,1139.36164390416,2
0.132,0.0,0.0,0.0,1128.60978558406,2
0.135,0.0,0.0,0.0,1117.10270551949,2
0.138,0.0,0.0,0.0,1104.79176176507,2
0.141,0.0,0.0,0.0,1091.6299471898,2
0.144,0.0,0.0,0.0,1077.57285744496,2
0.147,0.0,0.0,0.0,1062.57973870388,2
0.15,0.0,0.0,0.0,1046.61458809742,2
0.153,0.0,0.0,0.0,1029.64727354368,2
0.156,0.0,0.0,0.0,1011.6546343825,2
0.159,0.0,0.0,0.0,992.621520490024,2
0.162,0.0,0.0,0.0,972.541725955331,2
0.165,0.0,0.0,0.0,951.418774430622,2
0.168,0.0,0.0,0.0,929.266517212721,2
0.171,0.0,0.0,0.0,906.109512003261,2
0.174,0.0,0.0,0.0,881.98315984052,2
0.177,0.0,0.0,0.0,856.933589279072,2
0.18,0.0,0.0,0.0,831.017289602869,2
0.183,0.0,0.0,0.0,804.300507574918,2
0.186,0.0,0.0,0.0,776.858433761426,2
0.189,0.0,0.0,0.0,748.774213717037,2
0.192,0.0,0.0,0.0,720.137825429342,2
0.195,0.0,0.0,0.0,691.044866933536,2
0.198,0.0,0.0,0.0,661.595296933607,2
0.201,0.0,0.0,0.0,631.892167103604,2
0.204,0.0,0.0,0.0,602.040378412857,2
0.207,0.0,0.0,0.0,572.145486536686,2
0.21,0.0,0.0,0.0,542.312574509253,2
0.213,0.0,0.0,0.0,512.645205504366,2
0.216,0.0,0.0,0.0,483.244466005132,2
0.219,0.0,0.0,0.0,454.208110290416,2
0.222,0.0,0.0,0.0,425.629821355996,2
0.225,0.0,0.0,0.0,397.598610948972,2
0.228,0.0,0.0,0.0,370.198391904098,2
0.231,0.0,0.0,0.0,343.507768922408,2
0.234,0.0,0.0,0.0,317.600108965391,2
0.237,0.0,0.0,0.0,292.543969607015,2
0.24,0.0,0.0,0.0,268.403983753448,2
0.243,0.0,0.0,0.0,245.242323903503,2
0.246,0.0,0.0,0.0,223.120901819207,2
0.249,0.0,0.0,0.0,202.104505366223,2
0.252,0.0,0.0,0.0,182.265141597216,2
0.255,0.0,0.0,0.0,163.687956734082,2
0.258,0.0,0.0,0.0,146.479259968555,2
0.261,0.0,0.0,0.0,130.777422442264,2
0.264,0.0,0.0,0.0,116.767811654836,2
0.267,0.0,0.0,0.0,104.703555446784,2
0.27,0.0,0.0,0.0,94.9349789399906,2
0.273,0.0,0.0,0.0,87.9523971980631,2
0.276,0.0,0.0,0.0,84.4499855172116,2
0.279,0.0,0.0,0.0,85.4250833935962,2
0.282,0.0,0.0,0.0,92.333802600352,2
0.285,0.0,0.0,0.0,107.367113872048,2
0.288,0.0,0.0,0.0,133.8284298547,2
0.291,0.0,0.0,0.0,177.308223765656,2
0.294,0.0,0.0,0.0,244.997915239995,2
0.297,0.0,0.0,0.0,358.867870674507,2
0.3,0.0,0.0,0.0,513.888532862536,4
0.0,0.002,6.0,1.0,3586.10540593962,3
0.003,0.002,3.16468685030613,0.431181454970924,3094.03028803589,1
0.006,0.002,2.42573051836241,0.370199156421751,2406.53352100147,1
0.009,0.002,1.92204705757301,0.245099921324288,2027.79664580293,1
0.012,0.002,1.5735339553468,0.170846191407681,1798.51583968431,1
0.015,0.002,1.32307561659204,0.121544786534987,1656.99134642756,1
0.018,0.002,1.13804183337639,0.0895997499547059,1563.65679356919,1
0.021,0.002,0.997548172616757,0.0680136011153215,1499.08634600341,1
0.024,0.002,0.888289547183523,0.0529567964619118,1452.41240738012,1
0.027,0.002,0.801585820775011,0.0420911936922968,1417.45981219874,1
0.03,0.002,0.731630521737086,0.0340130106917528,1390.4982149944,1
0.033,0.002,0.674430778070299,0.0278460281982505,1369.17600468187,1
0.036,0.002,0.627166870425632,0.0230284449488226,1351.94598861596,1
0.039,0.002,0.587797632921127,0.0191887661509768,1337.75275001944,1
0.042,0.002,0.554811950919013,0.0160744148013728,1325.85304896824,1
0.045,0.002,0.527068448327906,0.0135091355649712,1315.7088982384,1
0.048,0.002,0.503689575318645,0.0113669820046511,1306.9214516667,1
0.051,0.002,0.483990026559762,0.0095559850811891,1299.18876370641,1
0.054,0.002,0.467427321776254,0.0080076426263509,1292.27797324281,1
0.057,0.002,0.453567008980459,0.0066699937141919,1286.00648056143,1
0.06,0.002,0.442057715303405,0.0055029559197681,1280.22888945696,1
0.063,0.002,0.432612956579969,0.0044751237878058,1274.82773958865,1
0.066,0.002,0.424997666791319,0.0035615312947317,1269.70678783909,1
0.069,0.002,0.419018075535754,0.0027420631111557,1264.78603933374,1
0.072,0.002,0.414513993690614,0.0020003107820827,1259.99800187998,1
0.075,0.002,0.41135285227168,0.0013227394385758,1255.28481045555,1
0.078,0.002,0.409425030503697,0.0006980749087252,1250.59598026127,1
0.081,0.002,0.408640139225964,0.0001168497953131,1245.88662079363,1
0.084,0.002,0.408924015696714,-0.0004289339853278,1241.1159932421,1
0.087,0.002,0.410216248904445,-0.0009460560372119,1236.24632778303,1
0.09,0.002,0.412468099293569,-0.0014402629313091,1231.24184136218,1
0.093,0.002,0.415640709100069,-0.0019164036169054,1226.06791373607,1
0.096,0.002,0.419703523137469,-0.0023785260906727,1220.69039208604,1
0.099,0.002,0.424632857529725,-0.0028299438166938,1215.07500388014,1
0.102,0.002,0.430410567412569,-0.0032732784751143,1209.18686479353,1
0.105,0.002,0.437022775341975,-0.0037104843342273,1202.99007404589,1
0.108,0.002,0.444458631017602,-0.0041428587182343,1196.44739388513,1
0.111,0.002,0.452709080655522,-0.0045710425584827,1189.52001340252,1
0.114,0.002,0.461765631446878,-0.0049950147781921,1182.16739955227,1
0.117,0.002,0.471619103390551,-0.0054140841959065,1174.34724023628,1
0.12,0.002,0.48225836763784,-0.0058268826761336,1166.0154856096,1
0.123,0.002,0.493669077470356,-0.0062313633444831,1157.1264943264,1
0.126,0.002,0.505832405169057,-0.0066248077556748,1147.63329121922,1
0.129,0.002,0.518723805224866,-0.0070038458901721,1137.48794180877,1
0.132,0.002,0.532311831369438,-0.0073644926914807,1126.64204701326,1
0.135,0.002,0.546557041425864,-0.007702204475751,1115.047358422,1
0.138,0.002,0.561411029537085,-0.0080119578903636,1102.65651052671,1
0.141,0.002,0.5768156293761,-0.0082883531267638,1089.42386144061,1
0.144,0.002,0.592702333874537,-0.0085257417889471,1075.3064280448,1
0.147,0.002,0.608991976226482,-0.008718378203065,1060.26489544862,1
0.15,0.002,0.625594712913774,-0.0088605910916208,1044.26467450729,1
0.153,0.002,0.642410341907893,-0.0089469705449037,1027.27697537508,1
0.156,0.002,0.659328977946343,-0.0089725632704838,1009.27986022371,1
0.159,0.002,0.676232092122452,-0.0089330673980085,990.259234894754,1
0.162,0.002,0.692993905640039,-0.0088250168924438,970.209737916536,1
0.165,0.002,0.709483108566242,-0.0086459451083202,949.135486435838,1
0.168,0.002,0.725564855241975,-0.0083945173806805,927.050642448502,1
0.171,0.002,0.74110297041603,-0.008070623892737,903.97976927059,1
0.174,0.002,0.755962285967625,-0.00767542636681,879.957957194041,1
0.177,0.002,0.770011018925267,-0.0072113552382454,855.030708137767,1
0.18,0.002,0.783123098614509,-0.0066820576001329,829.25358099196,1
0.183,0.002,0.795180354766211,-0.0060922999483116,802.691611231189,1
0.186,0.002,0.806074489078987,-0.0054478331511657,775.418529149812,1
0.189,0.002,0.815708768993416,-0.0047552296670993,747.515809744705,1
0.192,0.002,0.823999402478349,-0.0040217044703635,719.07159306114,1
0.195,0.002,0.830876574089989,-0.0032549312121077,690.17951630965,1
0.198,0.002,0.836285142869688,-0.0024628638244572,660.937498267944,1
0.201,0.002,0.840185019392461,-0.0016535712656967,631.446512857825,1
0.204,0.002,0.842551250595357,-0.0008350897812676,601.809383172076,1
0.207,0.002,0.8433738458541,-1.52934188313622e-05,572.129620725872,1
0.21,0.002,0.842657376066345,0.0007982198705534,542.510328533593,1
0.213,0.002,0.840420370143817,0.0015982318910565,513.053181912512,1
0.216,0.002,0.836694522034186,0.0023780045426511,483.857498618582,1
0.219,0.002,0.831523708439449,0.0031313840477989,455.019410627295,1
0.222,0.002,0.824962805196231,0.003852915269057,426.631153812473,1
0.225,0.002,0.817076281061982,0.0045379702480049,398.780498833121,1
0.228,0.002,0.8079365431232,0.0051828923001981,371.55035635759,1
0.231,0.002,0.797622009205709,0.0057851539118792,345.01860190525,1
0.234,0.002,0.786214889757923,0.0063435237143422,319.258179775456,1
0.237,0.002,0.773798674298617,0.0068582352628067,294.337561848697,1
0.24,0.002,0.760455334952115,0.0073311483172452,270.321656216718,1
0.243,0.002,0.746262281284967,0.0077658916207859,247.273284296929,1
0.246,0.002,0.731289126903988,0.0081679742159329,225.255376280943,1
0.249,0.002,0.715594361145843,0.0085448490133082,204.334078233052,1
0.252,0.002,0.699222063888472,0.0089059057000601,184.583027279871,1
0.255,0.002,0.682198868596892,0.0092623568228575,166.089145484311,1
0.258,0.002,0.664531488042616,0.0096269550207191,148.960445937499,1
0.261,0.002,0.64620530556051,0.0100134297186057,133.336564678306,1
0.264,0.002,0.627184871535883,0.0104354350734331,119.403076193666,1
0.267,0.002,0.607417765169856,0.0109046123372802,107.411195646497,1
0.27,0.002,0.586844457256178,0.0114269719190471,97.7053597085487,1
0.273,0.002,0.565419124396448,0.0119960066239811,90.7626056587108,1
0.276,0.002,0.543151087297153,0.0125788419889288,87.2502296828159,1
0.279,0.002,0.520186804797314,0.0130883112711841,88.1115297155828,1
0.282,0.002,0.496975401056588,0.0133160660985639,94.6996059046603,1
0.285,0.002,0.474618552713342,0.0128017548113324,108.969020298931,1
0.288,0.002,0.455653736172318,0.010327498937018,133.837943463147,1
0.291,0.002,0.445966029356279,0.0034329334528161,173.28578845194,1
0.294,0.002,0.460308987536058,-0.0196927053910699,233.897918589197,1
0.297,0.002,0.537296167868509,-0.0688511817241612,315.352572172021,1
0.3,0.002,0.927769444079727,-0.54617039913183,397.547150021806,4
0.0,0.004,6.0,1.0,3387.86623168726,3
0.003,0.004,5.10487805480598,1.25083983890173,2970.68148074092,1
0.006,0.004,4.1099382706019,0.8676238810778,2436.32033923289,1
0.009,0.004,3.42189498114846,0.631932815569733,2069.04100086855,1
0.012,0.004,2.88646129465156,0.451939399068723,1842.9398674015,1
0.015,0.004,2.47708517982175,0.331939749352503,1695.27835160504,1
0.018,0.004,2.16067615920183,0.249755426789695,1595.57705388328,1
0.021,0.004,1.91287944839382,0.192610782827216,1525.28834303707,1
0.024,0.004,1.71583740914597,0.151718318521659,1473.94858460001,1
0.027,0.004,1.55690643672098,0.121655074368326,1435.25257909314,1
0.03,0.004,1.42709914816721,0.0989741919461485,1405.29650824094,1
0.033,0.004,1.31995924350755,0.0814606647489318,1381.56249197296,1
0.036,0.004,1.23077412313235,0.0676544209749693,1362.37068331471,1
0.039,0.004,1.15604464467811,0.0565697949049365,1346.56389898116,1
0.042,0.004,1.09312815168502,0.0475250436512836,1333.32219275628,1
0.045,0.004,1.03999655423954,0.0400377729305473,1322.04978252584,1
0.048,0.004,0.995070278956192,0.0337592852937218,1312.30402430881,1
0.051,0.004,0.957102612064862,0.0284324928896013,1303.74947110832,1
0.054,0.004,0.925097892267051,0.0238643439288547,1296.12735605378,1
0.057,0.004,0.898252756331547,0.0199073846092596,1289.23481461642,1
0.06,0.004,0.875913313166104,0.0164471901221304,1282.91041212552,1
0.063,0.004,0.857543483371356,0.0133936431517189,1277.02384765634,1
0.066,0.004,0.842701274136286,0.010674783402693,1271.46848260311,1
0.069,0.004,0.831020766651286,0.0082324067602916,1266.15581653493,1
0.072,0.004,0.822198263958722,0.0060188758429014,1261.01132916454,1
0.075,0.004,0.815981499837067,0.0039947831913734,1255.97129633147,1
0.078,0.004,0.812161118899601,0.0021272241261706,1250.98031106656,1
0.081,0.004,0.810563852556968,0.0003885122467531,1245.98932260142,1
0.084,0.004,0.811046965929118,-0.0012447788732677,1240.95406152605,1
0.087,0.004,0.813493657607026,-0.0027925300878528,1235.83375742007,1
0.09,0.004,0.817809170946941,-0.0042716061336231,1230.59008202345,1
0.093,0.004,0.823917431508672,-0.0056962430048392,1225.18627011608,1
0.096,0.004,0.831758066618844,-0.0070783249635336,1219.58638418308,1
0.099,0.004,0.841283694237201,-0.0084275751760753,1213.75469926444,1
0.102,0.004,0.852457392438185,-0.0097516786664974,1207.65519219302,1
0.105,0.004,0.865250280134092,-0.0110563527207026,1201.25112542763,1
0.108,0.004,0.879639155803203,-0.0123453775953814,1194.50472035582,1
0.111,0.004,0.895604155162945,-0.0136205990457161,1187.37691857717,1
0.114,0.004,0.913126401843667,-0.0148819135333644,1179.82723246192,1
0.117,0.004,0.932185637819437,-0.0161272468044824,1171.81368830757,1
0.12,0.004,0.952757833067183,-0.0173525366529812,1163.29286671796,1
0.123,0.004,0.974812786877326,-0.0185517309293301,1154.22004539511,1
0.126,0.004,0.998311746445068,-0.0197168120390486,1144.54944932197,1
0.129,0.004,1.02320508163445,-0.0208378591094595,1134.2346122761,1
0.132,0.004,1.0494300677093,-0.0219031584961136,1123.22885170487,1
0.135,0.004,1.07690883972762,-0.0228993721651766,1111.4858561923,1
0.138,0.004,1.10554659235625,-0.023811771561471,1098.96038108106,1
0.141,0.004,1.13523010607608,-0.0246245417367008,1085.609043364,1
0.144,0.004,1.1658266840166,-0.0253211567263382,1071.39120189271,1
0.147,0.004,1.19718358189936,-0.0258848224889326,1056.26990351517,1
0.15,0.004,1.22912800584998,-0.026298978350968,1040.2128702936,1
0.153,0.004,1.26146773854122,-0.0265478421728246,1023.19349788702,1
0.156,0.004,1.29399243312148,-0.02661697884984,1005.19183099192,1
0.159,0.004,1.32647558717284,-0.0264938668871368,986.195478913418,1
0.162,0.004,1.35867717678253,-0.026168434299592,966.200433353774,1
0.165,0.004,1.39034689572563,-0.0256335336288733,945.21175172008,1
0.168,0.004,1.42122790945182,-0.0248853269509259,923.244072876199,1
0.171,0.004,1.45106100122129,-0.0239235556452662,900.32193828608,1
0.174,0.004,1.4795889616546,-0.0227516763539084,876.479899655501,1
0.177,0.004,1.50656105615866,-0.0213768535236275,851.762403958148,1
0.18,0.004,1.53173739941934,-0.0198098093628797,826.223457385596,1
0.183,0.004,1.55489307348348,-0.0180645428029445,799.926080390827,1
0.186,0.004,1.57582184549745,-0.0161579388130892,772.941575654962,1
0.189,0.004,1.59433937098337,-0.0141092968936165,745.348638627174,1
0.192,0.004,1.61028580529057,-0.0119398117170598,717.23234560204,1
0.195,0.004,1.62352778524997,-0.0096720391038415,688.68305674824,1
0.198,0.004,1.63395978039381,-0.0073293767669059,659.795271100075,1
0.201,0.004,1.64150484400237,-0.004935582099476,630.666467660584,1
0.204,0.004,1.64611481530156,-0.002514339792994,601.395962163301,1
0.207,0.004,1.64777003345824,-8.88816948371835e-05,572.083803647993,1
0.21,0.004,1.64647862148971,0.0023183483928529,542.829729866251,1
0.213,0.004,1.64227538549017,0.0046859998795669,513.73219663473,1
0.216,0.004,1.63522035484951,0.0069941098545317,484.887494403194,1
0.219,0.004,1.62539696655588,0.0092244068838872,456.388966030906,1
0.222,0.004,1.61290987572665,0.0113606411377949,428.326343283929,1
0.225,0.004,1.59788235936735,0.0133889516740693,400.785225802995,1
0.228,0.004,1.5804532742941,0.0152982733654261,373.846734968538,1
0.231,0.004,1.56077353521175,0.0170807766335566,347.587385862187,1
0.234,0.004,1.53900209587446,0.0187323239587065,322.079233159397,1
0.237,0.004,1.51530144482285,0.020252918828943,297.390361363098,1
0.24,0.004,1.48983266680429,0.0216471155010428,273.585806903148,1
0.243,0.004,1.4627501717344,0.0229243508598051,250.729020628973,1
0.246,0.004,1.43419625718272,0.0240991507101522,228.884006467036,1
0.249,0.004,1.40429575430722,0.0251911481479241,208.118309193033,1
0.252,0.004,1.3731511246703,0.0262248245907795,188.507076895153,1
0.255,0.004,1.34083855259856,0.0272288332074979,170.1384998692,1
0.258,0.004,1.30740586232913,0.0282346696241735,153.121039211168,1
0.261,0.004,1.27287356741199,0.0292742779262295,137.593022660431,1
0.264,0.004,1.23724119058663,0.0303758476755613,123.735427222316,1
0.267,0.004,1.2005024773351,0.0315564137655198,111.789024715746,1
0.27,0.004,1.16267585566691,0.0328086054971633,102.077574147321,1
0.273,0.004,1.1238616921589,0.0340761693695483,95.0394795914153,1
0.276,0.004,1.08434807353734,0.0352074145334215,91.2710383342003,1
0.279,0.004,1.04480820709995,0.0358606232338656,91.5856684232669,1
0.282,0.004,1.00667623888091,0.0353111795460117,97.0882333089759,1
0.285,0.004,0.972902575867952,0.0319759823523683,109.270106317998,1
0.288,0.004,0.949477317660095,0.0224624993267251,129.992984520386,1
0.291,0.004,0.949184581153388,-0.0022387093216652,161.442623538549,1
0.294,0.004,0.998090095460007,-0.0614710777962346,203.388355503722,1
0.297,0.004,1.17470679208964,-0.248379671116892,247.612722395288,1
0.3,0.004,1.50887334735552,-0.792745921092105,261.862964813086,4
0.0,0.006,6.0,1.0,2953.07580886317,3
0.003,0.006,5.70647287707457,1.63000980417,2743.57596513879,1
0.006,0.006,5.13597244212761,1.38667285940262,2376.84119862881,1
0.009,0.006,4.4839352580463,1.05384195139817,2076.91893475291,1
0.012,0.006,3.91382710206834,0.795523681651701,1867.84493756695,1
0.015,0.006,3.43654821370672,0.603763043981862,1724.09515446947,1
0.018,0.006,3.04661594789336,0.465944660155348,1622.62656481559,1
0.021,0.006,2.72897354740454,0.365917160749306,1549.16891394938,1
0.024,0.006,2.46922513956713,0.292173051719034,1494.5007769983,1
0.027,0.006,2.25535286724899,0.236689238731727,1452.7860044835,1
0.03,0.006,2.07794327509707,0.194086584513053,1420.22161500991,1
0.033,0.006,1.92975711631375,0.160733840197727,1394.27554788373,1
0.036,0.006,1.80524512865312,0.134153191808331,1373.21633362625,1
0.039,0.006,1.7001320919194,0.112624507589758,1355.8303338054,1
0.042,0.006,1.61109599483747,0.094931621899238,1341.24659233082,1
0.045,0.006,1.5355294320977,0.0801984996926321,1328.82643522193,1
0.048,0.006,1.47136462434404,0.0677825878525572,1318.09218859083,1
0.051,0.006,1.4169453041193,0.0572043620375023,1308.68011749083,1
0.054,0.006,1.37093251650097,0.0481000499289261,1300.30866105758,1
0.057,0.006,1.33223484076991,0.0401893851210483,1292.75653879401,1
0.06,0.006,1.29995623336972,0.0332532608751453,1285.84735751693,1
0.063,0.006,1.27335665662178,0.0271180084992396,1279.43858333598,1
0.066,0.006,1.25182205237201,0.021644179970104,1273.41349844513,1
0.069,0.006,1.23484119971487,0.0167184413389861,1267.67523393645,1
0.072,0.006,1.22198768335535,0.0122476474886891,1262.14226965055,1
0.075,0.006,1.212905682819,0.0081544692838382,1256.74498629175,1
0.078,0.006,1.20729863493635,0.0043741415513421,1251.42298309693,1
0.081,0.006,1.20492006591333,0.0008520318284707,1246.12296024331,1
0.084,0.006,1.20556606451735,-0.0024581814205003,1240.79702376087,1
0.087,0.006,1.20906899491168,-0.0055958717825419,1235.40131132393,1
0.09,0.006,1.21529214063132,-0.0085944778884631,1229.89486590979,1
0.093,0.006,1.22412504001859,-0.0114822461442766,1224.23870481027,1
0.096,0.006,1.23547932512108,-0.0142827626207778,1218.39504641555,1
0.099,0.006,1.24928491560301,-0.0170153193801897,1212.32666825467,1
0.102,0.006,1.26548645026341,-0.0196951507783102,1205.99637811239,1
0.105,0.006,1.28403986396308,-0.0223335687359845,1199.3665864079,1
0.108,0.006,1.30490903913282,-0.0249380217833963,1192.39897292939,1
0.111,0.006,1.32806248006473,-0.0275121002355621,1185.05424479928,1
0.114,0.006,1.35346997599931,-0.0300555086912668,1177.29198540803,1
0.117,0.006,1.38109923642078,-0.0325640267754245,1169.07059611635,1
0.12,0.006,1.41091249949723,-0.0350294793190817,1160.34733384096,1
0.123,0.006,1.44286313251422,-0.0374397376528922,1151.07844821741,1
0.126,0.006,1.47689226144532,-0.0397787740308388,1141.21942185751,1
0.129,0.006,1.51292548518222,-0.0420267910383434,1130.72531625963,1
0.132,0.006,1.55086974781806,-0.0441604468015641,1119.55122416429,1
0.135,0.006,1.59061045884158,-0.0461531945430138,1107.6528265736,1
0.138,0.006,1.63200896498418,-0.0479757512078037,1094.98704930646,1
0.141,0.006,1.67490048736627,-0.0495967042907248,1081.51280993447,1
0.144,0.006,1.71909264198919,-0.0509832585486019,1067.19184139237,1
0.147,0.006,1.76436465900654,-0.0521021151099144,1051.98957371697,1
0.15,0.006,1.81046740528348,-0.0529204649733911,1035.8760505477,1
0.153,0.006,1.85712429465028,-0.0534070676822746,1018.82685259871,1
0.156,0.006,1.9040331407812,-0.0535333750142586,1000.82399670636,1
0.159,0.006,1.95086896947845,-0.0532746500098981,981.856776702055,1
0.162,0.006,1.99728776204573,-0.0526110248658045,961.922511655343,1
0.165,0.006,2.04293105221403,-0.0515284383917328,941.027168288153,1
0.168,0.006,2.08743124950898,-0.0500193958746585,919.185827746624,1
0.171,0.006,2.1304175164744,-0.0480835018471214,896.422972413152,1
0.174,0.006,2.1715219904363,-0.0457277293093714,872.772575809925,1
0.177,0.006,2.21038611675456,-0.0429664065287338,848.277987426539,1
0.18,0.006,2.24666685295507,-0.0398209229983753,822.991613845143,1
0.183,0.006,2.28004251330846,-0.0363191772301713,796.974407052819,1
0.186,0.006,2.3102180508031,-0.0324948082022346,770.295179499269,1
0.189,0.006,2.3369296153445,-0.0283862669587572,743.029772523261,1
0.192,0.006,2.35994827873472,-0.0240357930282823,715.260109656064,1
0.195,0.006,2.37908287248615,-0.019488360805668,687.073168703122,1
0.198,0.006,2.39418193720146,-0.0147906537598795,658.559906416053,1
0.201,0.006,2.40513482594056,-0.0099901103814099,629.814167332239,1
0.204,0.006,2.41187203390934,-0.0051340672914643,600.931604598607,1
0.207,0.006,2.41436484028592,-0.0002690047178272,572.008636125702,1
0.21,0.006,2.41262434491854,0.0045601193395961,543.141455133795,1
0.213,0.006,2.40669996538787,0.0093104746650063,514.425110906122,1
0.216,0.006,2.39667743305806,0.0139419409812416,485.952674051024,1
0.219,0.006,2.38267629618606,0.0184177046563423,457.81450125515,1
0.222,0.006,2.36484691035737,0.0227049016211116,430.097617575965,1
0.225,0.006,2.34336687747629,0.0267753255661422,402.885239716201,1
0.228,0.006,2.31843688906247,0.0306062034672165,376.256471208786,1
0.231,0.006,2.29027594082385,0.0341810212667571,350.286209714082,1
0.234,0.006,2.25911591481042,0.0374903631696777,325.045317461445,1
0.237,0.006,2.22519557308407,0.0405327097907142,300.601118250866,1
0.24,0.006,2.18875407270457,0.0433151232593942,277.018298744629,1
0.243,0.006,2.15002419720646,0.0458537293112623,254.360308921808,1
0.246,0.006,2.10922560947954,0.0481738825872453,232.691378087015,1
0.249,0.006,2.0665585766755,0.0503098631153435,212.079291024949,1
0.252,0.006,2.02219882256694,0.0523038844443815,192.599106924224,1
0.255,0.006,1.97629446899997,0.0542040719371821,174.338055551061,1
0.258,0.006,1.92896651059321,0.056060848972376,157.401915433347,1
0.261,0.006,1.88031505752067,0.0579207681314673,141.923271569036,1
0.264,0.006,1.8304349158059,0.0598160870378287,128.072166119222,1
0.267,0.006,1.77944638220656,0.0617470065206576,116.069780238154,1
0.27,0.006,1.72755122531744,0.0636507899001952,106.205875440632,1
0.273,0.006,1.67513123462431,0.0653466510523988,98.8605755842669,1
0.276,0.006,1.62292071204523,0.0664335927484111,94.5304221858731,1
0.279,0.006,1.57231021911878,0.0660950622315091,93.855164661071,1
0.282,0.006,1.52589462062602,0.0626973181802312,97.6363436492805,1
0.285,0.006,1.48846255076223,0.0529664247291764,106.797802780701,1
0.288,0.006,1.46893419876176,0.0299371366333642,122.227517795606,1
0.291,0.006,1.48345659288696,-0.0212342933235072,143.9234506806,1
0.294,0.006,1.56358059260448,-0.138424333515051,169.104764821263,1
0.297,0.006,1.74432926252519,-0.413222950415281,187.121241264438,1
0.3,0.006,2.00559481824377,-0.970109083009059,187.179849610205,4
0.0,0.008,6.0,1.0,2604.5467984431,3
0.003,0.008,5.93336597544852,1.78329467081364,2502.68153673177,1
0.006,0.008,5.65057967856217,1.73753805950819,2272.91391269224,1
0.009,0.008,5.18044754144872,1.4384959860349,2047.42738761698,1
0.012,0.008,4.67121422593139,1.14131253418708,1870.00428929562,1
0.015,0.008,4.20023190900022,0.899748174173553,1737.97669337548,1
0.018,0.008,3.78833262306133,0.713267840986081,1640.17343022139,1
0.021,0.008,3.4370232193019,0.571467016014006,1566.8306469079,1
0.024,0.008,3.14005560859376,0.463159109363632,1510.91946964802,1
0.027,0.008,2.88948892318311,0.379495807529674,1467.51282315379,1
0.03,0.008,2.6777633240709,0.313938135197878,1433.20626685888,1
0.033,0.008,2.49837432414752,0.261795745091033,1405.62506304802,1
0.036,0.008,2.34594645431517,0.219715603150154,1383.09105004303,1
0.039,0.008,2.21611054188755,0.185287252636874,1364.39821770205,1
0.042,0.008,2.10533283190231,0.156758818580087,1348.66475318318,1
0.045,0.008,2.01075269709252,0.13284029463508,1335.23473137413,1
0.048,0.008,1.93004545983718,0.112568360502084,1323.61217951315,1
0.051,0.008,1.86131208988978,0.0952133748994541,1313.41621410064,1
0.054,0.008,1.80299247458316,0.0802149116629081,1304.35004241401,1
0.057,0.008,1.75379784775918,0.0671366319391455,1296.17919652197,1
0.06,0.008,1.71265825264579,0.0556343359707438,1288.71600295048,1
0.063,0.008,1.67868160891709,0.0454330840289795,1281.80832529315,1
0.066,0.008,1.65112167298299,0.0363106276646559,1275.33127749622,1
0.069,0.008,1.62935279929661,0.0280852844798287,1269.18103172436,1
0.072,0.008,1.61284990479868,0.0206069807169936,1263.27012329321,1
0.075,0.008,1.60117241979004,0.0137505806283014,1257.52383972037,1
0.078,0.008,1.59395129732006,0.0074108875360311,1251.87740493741,1
0.081,0.008,1.59087837023546,0.0014988824983132,1246.27375417311,1
0.084,0.008,1.59169750777722,-0.0040611090881945,1240.66175337508,1
0.087,0.008,1.59619714579836,-0.0093335462998342,1234.99475792574,1
0.09,0.008,1.60420385681383,-0.0143732599080768,1229.22943447122,1
0.093,0.008,1.61557669610724,-0.0192266185779621,1223.32479064165,1
0.096,0.008,1.63020211394769,-0.0239323647308439,1217.24137278291,1
0.099,0.008,1.64798926608347,-0.0285221898112112,1210.94060321814,1
0.102,0.008,1.66886558846063,-0.0330211042065593,1204.38423714453,1
0.105,0.008,1.69277253015113,-0.037447647323956,1197.53392581862,1
0.108,0.008,1.71966136276004,-0.0418139771140078,1190.35087771031,1
0.111,0.008,1.74948900665306,-0.0461258747603322,1182.79561315742,1
0.114,0.008,1.78221383537954,-0.0503826986257369,1174.82781095057,1
0.117,0.008,1.81779144052174,-0.0545773212800685,1166.40624735469,1
0.12,0.008,1.85617036044178,-0.0586960839915487,1157.48882939802,1
0.123,0.008,1.89728779829052,-0.0627188039105951,1148.03272485754,1
0.126,0.008,1.94106537713552,-0.0666188697595789,1137.99459124129,1
0.129,0.008,1.98740500276722,-0.0703634615830776,1127.33090519963,1
0.132,0.008,2.03618492689915,-0.0739139284142015,1115.99839218111,1
0.135,0.008,2.08725612396762,-0.0772263539934002,1103.95455379482,1
0.138,0.008,2.14043911208865,-0.0802523344274752,1091.15828729239,1
0.141,0.008,2.19552136119336,-0.0829399825343901,1077.57058793219,1
0.144,0.008,2.25225543701463,-0.0852351614548961,1063.15532088387,1
0.147,0.008,2.31035802652421,-0.0870829351252771,1047.88004498959,1
0.15,0.008,2.36950997694894,-0.0884292060093426,1031.71686639943,1
0.153,0.008,2.42935745548272,-0.0892224921585437,1014.64329618052,1
0.156,0.008,2.48951429994149,-0.0894157777420712,996.643082837304,1
0.159,0.008,2.54956558268021,-0.0889683555763277,977.706988659144,1
0.162,0.008,2.60907235321998,-0.0878475690004437,957.833478281207,1
0.165,0.008,2.66757746272118,-0.0860303557448232,937.029289080694,1
0.168,0.008,2.72461231044534,-0.0835044998805246,915.309856179889,1
0.171,0.008,2.77970429432946,-0.0802695104231438,892.69956987178,1
0.174,0.008,2.83238470071544,-0.0763370665345044,869.231850010209,1
0.177,0.008,2.88219673763196,-0.0717309980998467,844.949029904264,1
0.18,0.008,2.92870340600064,-0.0664868040814848,819.902050943046,1
0.183,0.008,2.97149491581603,-0.0606507457648723,794.149977851142,1
0.186,0.008,3.0101953891625,-0.054278583569076,767.759352399837,1
0.189,0.008,3.04446864547131,-0.0474340503267508,740.803409896992,1
0.192,0.008,3.07402293071948,-0.04018716747446,713.361187329855,1
0.195,0.008,3.09861452353137,-0.0326125114745374,685.516554358329,1
0.198,0.008,3.118050218838,-0.0247875258876792,657.357198456235,1
0.201,0.008,3.13218874590658,-0.0167909516401701,628.973593671817,1
0.204,0.008,3.1409412159952,-0.008701417687187,600.457979275124,1
0.207,0.008,3.14427071220433,-0.0005962011224372,571.903370701747,1
0.21,0.008,3.14219113017563,0.0074498651132197,543.402621481748,1
0.213,0.008,3.13476535631598,0.0153653827618577,515.047552010702,1
0.216,0.008,3.12210283616266,0.0230833364205009,486.928159686914,1
0.219,0.008,3.10435654715304,0.0305420600316095,459.131925505354,1
0.222,0.008,3.08171935587307,0.0376862713442117,431.743234823535,1
0.225,0.008,3.05441971774199,0.0444682024043633,404.842934629842,1
0.228,0.008,3.02271667341171,0.0508488249794543,378.508056013314,1
0.231,0.008,2.98689411515523,0.0567991366735354,352.811738338621,1
0.234,0.008,2.94725434027196,0.0623014395760772,327.823400584607,1
0.237,0.008,2.90411097761428,0.0673505104990765,303.609215265514,1
0.24,0.008,2.85778146812665,0.071954529738136,280.23295141418,1
0.243,0.008,2.80857940307292,0.0761355999438286,257.757265653496,1
0.246,0.008,2.7568071815045,0.0799296394348482,236.245535090226,1
0.249,0.008,2.70274965742879,0.0833853596216624,215.764343481983,1
0.252,0.008,2.6466697376931,0.0865619081236212,196.386753570087,1
0.255,0.008,2.5888073181888,0.0895245339915447,178.19652353566,1
0.258,0.008,2.52938360180353,0.0923372338553456,161.29345175608,1
0.261,0.008,2.46861388486419,0.0950506323204661,145.800053303249,1
0.264,0.008,2.40673359907537,0.0976820847400712,131.869762064224,1
0.267,0.008,2.34404521993425,0.100182671704895,119.696763388284,1
0.27,0.008,2.28099840211013,0.102381418336046,109.527262515759,1
0.273,0.008,2.21832383318601,0.103888579577866,101.671230726317,1
0.276,0.008,2.15725501489404,0.1039232215279,96.5115858018861,1
0.279,0.008,2.09989642974603,0.100993739130433,94.5034844542914,1
0.282,0.008,2.04983054745618,0.0922902479477468,96.1425277977632,1
0.285,0.008,2.01312626841171,0.0724496910159959,101.861774715231,1
0.288,0.008,1.9998312790765,0.0310837437862757,111.717614860502,1
0.291,0.008,2.02617522260791,-0.0528187716414616,124.679900562041,1
0.294,0.008,2.11331014436847,-0.22206140600116,137.224919365878,1
0.297,0.008,2.27016627588322,-0.549060578599646,142.122456214508,1
0.3,0.008,2.47012632920644,-1.10671107782784,138.446925737052,4
0.0,0.01,6.0,1.0,2344.44374921627,3
0.003,0.01,6.02067414919979,1.8252501065464,2297.62687981305,1
0.006,0.01,5.90553722372602,1.94134931332827,2157.64749800251,1
0.009,0.01,5.60502377501083,1.73333143045552,1996.05458025599,1
0.012,0.01,5.20424171160526,1.44977745260738,1853.21951616041,1
0.015,0.01,4.78549987825485,1.18672269624106,1738.0269290489,1
0.018,0.01,4.39091023331769,0.967508678080515,1647.81963718093,1
0.021,0.01,4.03639348297017,0.791536710778602,1577.50151295868,1
0.024,0.01,3.72533204070511,0.651792674257963,1522.35449565325,1
0.027,0.01,3.45549534551221,0.540620174266617,1478.64424003403,1
0.03,0.01,3.22263284800725,0.451515303961161,1443.55837415711,1
0.033,0.01,3.02208666831561,0.379377849118543,1415.01919383728,1
0.036,0.01,2.84947378353786,0.320335461333401,1391.49392778391,1
0.039,0.01,2.70092287802177,0.271477072493901,1371.84530374019,1
0.042,0.01,2.57311556549081,0.230613446382769,1355.22112280447,1
0.045,0.01,2.46324766037226,0.196088413732626,1340.97533147199,1
0.048,0.01,2.3689639871184,0.166638008761128,1328.61207179887,1
0.051,0.01,2.28828994351577,0.141287610768855,1317.74600438031,1
0.054,0.01,2.21956904363742,0.119277396977398,1308.0739907139,1
0.057,0.01,2.16140929669387,0.100008299837462,1299.35469447399,1
0.06,0.01,2.11263854064837,0.0830026616032054,1291.39372496768,1
0.063,0.01,2.07226779122658,0.0678754065453033,1284.03268811794,1
0.066,0.01,2.03946136661648,0.0543127656465965,1277.14101758875,1
0.069,0.01,2.01351256957282,0.042056459066731,1270.60980382184,1
0.072,0.01,1.99382385001631,0.0308918548375525,1264.3470738874,1
0.075,0.01,1.97989054207565,0.0206390514050577,1258.27413611584,1
0.078,0.01,1.97128743205049,0.0111461318961259,1252.32271466914,1
0.081,0.01,1.96765755454745,0.0022840486995065,1246.432676691,1
0.084,0.01,1.96870273050065,-0.0060572544916549,1240.55020922464,1
0.087,0.01,1.97417545485071,-0.0139717707596592,1234.62634191992,1
0.09,0.01,1.98387181676102,-0.0215396208311031,1228.61573952084,1
0.093,0.01,1.99762519505996,-0.0288286659611839,1222.47570851741,1
0.096,0.01,2.01530051947478,-0.0358956639918566,1216.16537740458,1
0.099,0.01,2.03678892707368,-0.0427870628250227,1209.64502125175,1
0.102,0.01,2.06200267559179,-0.0495395068432851,1202.8755098094,1
0.105,0.01,2.09087020300601,-0.0561801192325825,1195.81786489239,1
0.108,0.01,2.12333124749988,-0.0627266152118526,1188.43291778337,1
0.111,0.01,2.1593319651734,-0.0691872967272609,1180.68106122964,1
0.114,0.01,2.19882000557394,-0.0755609773232722,1172.52209348501,1
0.117,0.01,2.24173952815585,-0.0818368858828619,1163.91515390977,1
0.12,0.01,2.28802616664665,-0.0879945990019264,1154.81875096452,1
0.123,0.01,2.33760197323467,-0.0940040531868628,1145.19088405148,1
0.126,0.01,2.39037040038995,-0.0998256890570139,1134.98926058026,1
0.129,0.01,2.44621140450459,-0.105410779464003,1124.17160886089,1
0.132,0.01,2.50497678149603,-0.110701991046248,1112.69608595653,1
0.135,0.01,2.56648586873543,-0.11563422337473,1100.52177747623,1
0.138,0.01,2.63052176840599,-0.120135760767652,1087.60928350211,1
0.141,0.01,2.69682826257488,-0.124129758514894,1073.92138151033,1
0.144,0.01,2.76510759756363,-0.1275360674539,1059.42375340229,1
0.147,0.01,2.83501931228721,-0.130273378850461,1044.08575980666,1
0.15,0.01,2.90618027001054,-0.132261646238634,1027.88124090111,1
0.153,0.01,2.97816602394562,-0.13342471382609,1010.78931944057,1
0.156,0.01,3.05051360374707,-0.1336930545221,992.795178808863,1
0.159,0.01,3.12272575304893,-0.13300649741405,973.89078708239,1
0.162,0.01,3.19427658011501,-0.131316807744632,954.07553763302,1
0.165,0.01,3.26461850855827,-0.128589975197844,933.356777957107,1
0.168,0.01,3.33319033863195,-0.124808071095814,911.750201342615,1
0.171,0.01,3.39942615870037,-0.119970553347161,889.280080667835,1
0.174,0.01,3.46276478853255,-0.114094929498499,865.979329876812,1
0.177,0.01,3.52265939792046,-0.107216730970381,841.889386126635,1
0.18,0.01,3.57858693114939,-0.0993888015581022,817.05991371478,1
0.183,0.01,3.63005698281752,-0.0906799550423118,791.548339019879,1
0.186,0.01,3.67661981289478,-0.0811731039209284,765.419233136385,1
0.189,0.01,3.71787325463046,-0.0709629975828195,738.743565013832,1
0.192,0.01,3.75346835061319,-0.0601537286041371,711.59785223146,1
0.195,0.01,3.78311364025767,-0.0488561672913624,684.063238778345,1
0.198,0.01,3.80657810558356,-0.0371854669085965,656.224529367588,1
0.201,0.01,3.82369285138031,-0.0252587479181062,628.169208165048,1
0.204,0.01,3.83435164298852,-0.0131930243011185,599.986466870094,1
0.207,0.01,3.83851044574008,-0.0011033856174545,571.766263519612,1
0.21,0.01,3.83618610452131,0.0108985974764087,543.598429930522,1
0.213,0.01,3.82745427405524,0.0227063120000228,515.571843039697,1
0.216,0.01,3.81244666793767,0.0342194731665349,487.773674095984,1
0.219,0.01,3.79134764710538,0.0453455152226807,460.288730056974,1
0.222,0.01,3.76439012697037,0.0560010737007039,433.198903761167,1
0.225,0.01,3.73185075691641,0.0661135966308437,406.582753381251,1
0.228,0.01,3.69404432425319,0.0756230771259214,380.515237039748,1
0.231,0.01,3.65131736237766,0.0844838482768544,355.067634908748,1
0.234,0.01,3.60404100238116,0.092666328187691,330.307698232311,1
0.237,0.01,3.55260319928324,0.100158550864616,306.300072180015,1
0.24,0.01,3.49740058876762,0.106967266576082,283.107047049459,1
0.243,0.01,3.43883039020867,0.113118336999147,260.789699962548,1
0.246,0.01,3.37728297491573,0.118656072525279,239.40949669017,1
0.249,0.01,3.31313598288405,0.12364103792396,219.030430103262,1
0.252,0.01,3.2467512309582,0.128145649224745,199.72177654772,1
0.255,0.01,3.17847616895778,0.132246535159737,181.561550582819,1
0.258,0.01,3.10865240478313,0.136012032856757,164.640723910042,1
0.261,0.01,3.03763499031302,0.139482141604947,149.068228515041,1
0.264,0.01,2.96582798399737,0.142636429861575,134.976651053304,1
0.267,0.01,2.89374466608411,0.145342150021161,122.528268796317,1
0.27,0.01,2.8221052637206,0.147268937936728,111.920527255607,1
0.273,0.01,2.75199188911248,0.147745664963593,103.388865449182,1
0.276,0.01,2.68509055960788,0.145514263880306,97.2023960931692,1
0.279,0.01,2.62406225465587,0.138296596947555,93.642503913752,1
0.282,0.01,2.57309652372908,0.122009971435925,92.9449541739059,1
0.285,0.01,2.53866267457847,0.0893325385815378,95.1624033168466,1
0.288,0.01,2.53034320844739,0.0270332550602359,99.8770870205166,1
0.291,0.01,2.56070596206909,-0.0887376772991092,105.693901984219,1
0.294,0.01,2.64061695564389,-0.298085034062302,109.549020200156,1
0.297,0.01,2.76700201970305,-0.655680833954595,107.24401814321,1
0.3,0.01,2.91694081972724,-1.2094578459877,101.884920443787,4
0.0,0.012,6.0,1.0,2151.52141993088,3
0.003,0.012,6.05222284715972,1.81455682483332,2132.88029983609,1
0.006,0.012,6.02956572148812,2.04418800850425,2048.85390209678,1
0.009,0.012,5.85628473316128,1.93705546769009,1935.62686477662,1
0.012,0.012,5.56574616172837,1.70003236657908,1824.27421852939,1
0.015,0.012,5.22086335771971,1.443162630923,1727.27767715676,1
0.018,0.012,4.86818356794907,1.2095517577766,1646.93567200867,1
0.021,0.012,4.53305904808333,1.01073884203033,1581.67867346193,1
0.024,0.012,4.22680825911442,0.8460143782178,1528.91192831808,1
0.027,0.012,3.95295342346903,0.710728559833684,1486.10824861211,1
0.03,0.012,3.71106633714779,0.599597387083825,1451.1358816756,1
0.033,0.012,3.49894006125703,0.507871997101808,1422.29570915369,1
0.036,0.012,3.3137227096382,0.431629263082028,1398.2656217567,1
0.039,0.012,3.15247987633512,0.367743465152096,1378.02484232747,1
0.042,0.012,3.01245193547969,0.313760620399615,1360.78492434845,1
0.045,0.012,2.8911551197846,0.26776171267697,1345.93383437598,1
0.048,0.012,2.78640545753946,0.228243085470988,1332.99293833935,1
0.051,0.012,2.69630692185799,0.194020214498654,1321.58463880602,1
0.054,0.012,2.61922487577215,0.164153137240942,1311.40823009688,1
0.057,0.012,2.55375525637217,0.137889661161531,1302.22189472686,1
0.06,0.012,2.49869440714891,0.114622416385806,1293.82922713397,1
0.063,0.012,2.45301163719749,0.093856426644119,1286.06907987129,1
0.066,0.012,2.41582517215227,0.075184585066325,1278.80785018239,1
0.069,0.012,2.38638148571791,0.0582690519310732,1271.93356622261,1
0.072,0.012,2.36403770406729,0.0428270951917898,1265.3513082894,1
0.075,0.012,2.34824666983389,0.0286202786425783,1258.97962750021,1
0.078,0.012,2.33854423938527,0.0154461886147191,1252.74771575667,1
0.081,0.012,2.33453841551987,0.0031321006624918,1246.59314666561,1
0.084,0.012,2.33589996181598,-0.0084698581213854,1240.46005471349,1
0.087,0.012,2.34235419197035,-0.0194863828877299,1234.29765467036,1
0.09,0.012,2.35367367192778,-0.0300257504769075,1228.05902865661,1
0.093,0.012,2.36967161233326,-0.0401798543165267,1221.70012716438,1
0.096,0.012,2.39019576354839,-0.0500256613175837,1215.17894443701,1
0.099,0.012,2.41512265573491,-0.059626206411848,1208.45483927744,1
0.102,0.012,2.44435205326595,-0.0690312187806734,1201.48798050006,1
0.105,0.012,2.47780151703991,-0.0782774593444723,1194.23890250387,1
0.108,0.012,2.51540099119393,-0.0873888400783505,1186.66816128001,1
0.111,0.012,2.5570873532058,-0.0963763909283452,1178.73608488,1
0.114,0.012,2.60279888926827,-0.105238138481772,1170.40261517014,1
0.117,0.012,2.65246968077273,-0.113958961160599,1161.62723971077,1
0.12,0.012,2.70602391318918,-0.122510487647829,1152.36901390373,1
0.123,0.012,2.7633701457379,-0.130851107574657,1142.5866741844,1
0.126,0.012,2.82439560884867,-0.138926165167765,1132.23884300916,1
0.129,0.012,2.88896062593085,-0.146668406476246,1121.28432570786,1
0.132,0.012,2.95689328542059,-0.153998747805834,1109.68249793686,1
0.135,0.012,3.02798451693067,-0.160827425932497,1097.39378049764,1
0.138,0.012,3.10198374961922,-0.167055578513497,1084.38019572138,1
0.141,0.012,3.17859534919869,-0.172577285093001,1070.60599654071,1
0.144,0.012,3.25747603960154,-0.177282074891412,1056.03835590069,1
0.147,0.012,3.33823351339427,-0.181057877498673,1040.64810048229,1
0.15,0.012,3.42042641899442,-0.183794357815111,1024.410469055,1
0.153,0.012,3.5035658806309,-0.185386539202661,1007.30587242547,1
0.156,0.012,3.58711865790342,-0.18573858189409,989.320629223737,1
0.159,0.012,3.6705119863869,-0.184767551152201,970.447650001567,1
0.162,0.012,3.75314006154104,-0.182406985859051,950.687041621279,1
0.165,0.012,3.83437203988139,-0.178610067488358,930.046604944912,1
0.168,0.012,3.91356134061789,-0.173352195375894,908.542201546113,1
0.171,0.012,3.99005594601375,-0.166632798953295,886.197969574129,1
0.174,0.012,4.06320932854483,-0.158476261051621,863.046374841126,1
0.177,0.012,4.13239158610397,-0.14893188575876,839.128090338335,1
0.18,0.012,4.19700034978367,-0.138072914167948,814.491705202871,1
0.183,0.012,4.2564710458931,-0.12599466397049,789.193272022266,1
0.186,0.012,4.31028614447619,-0.112811935234194,763.295708595483,1
0.189,0.012,4.35798310588774,-0.0986558759728865,736.868076228565,1
0.192,0.012,4.39916083603018,-0.0836705299773737,709.98476083119,1
0.195,0.012,4.43348456772879,-0.0680092915717362,682.724585220314,1
0.198,0.012,4.46068918724098,-0.0518314671323348,655.169881122796,1
0.201,0.012,4.48058110867014,-0.035299095179846,627.405547671547,1
0.204,0.012,4.49303885550451,-0.0185741131038301,599.518120216561,1
0.207,0.012,4.49801253242338,-0.0018158890612921,571.594869687538,1
0.21,0.012,4.49552236192226,0.0148209268742725,543.722949267763,1
0.213,0.012,4.48565642442624,0.0311883277099013,515.988602435795,1
0.216,0.012,4.46856768695817,0.0471467730482472,488.476445023306,1
0.219,0.012,4.44447034651106,0.0625670339839682,461.2688341337,1
0.222,0.012,4.41363546340104,0.0773321562199942,434.445338637004,1
0.225,0.012,4.37638582944208,0.091339589334136,408.082329340746,1
0.228,0.012,4.33309001563358,0.104503464645986,382.252711485385,1
0.231,0.012,4.28415558053042,0.116756929513969,357.025827454216,1
0.234,0.012,4.23002149633298,0.128054368747986,332.467562998388,1
0.237,0.012,4.17114996506203,0.138373267832909,308.640695336812,1
0.24,0.012,4.10801795124363,0.147715396410148,285.605525688136,1
0.243,0.012,4.04110895159259,0.156106905253993,263.42084155312,1
0.246,0.012,3.9709057631172,0.163596817260993,242.145254540191,1
0.249,0.012,3.89788531571361,0.170253220708958,221.838956157365,1
0.252,0.012,3.82251703576738,0.176156189496757,202.565923710957,1
0.255,0.012,3.74526675740653,0.181385977365038,184.396585212899,1
0.258,0.012,3.66660898161745,0.186004225904907,167.41090428556,1
0.261,0.012,3.5870514235569,0.190024561838927,151.701751159315,1
0.264,0.012,3.50717745415189,0.193366644871895,137.378241436168,1
0.267,0.012,3.42771444191623,0.195783766291401,124.568371447074,1
0.27,0.012,3.34963930433082,0.196747257339472,113.419604526846,1
0.273,0.012,3.27433670339388,0.195258974752926,104.094805136161,1
0.276,0.012,3.20382891160505,0.189542242603638,96.7585304324499,1
0.279,0.012,3.14109521675827,0.176524783229648,91.5445571132866,1
0.282,0.012,3.09047522245197,0.150967937771638,88.4881576382086,1
0.285,0.012,3.05806739703386,0.104008433633539,87.3970318517667,1
0.288,0.012,3.05174800013229,0.0208208935569825,87.6337914087,1
0.291,0.012,3.07969140756254,-0.122488352689858,87.8096306693495,1
0.294,0.012,3.14561033841785,-0.360808349633285,85.567665112121,1
0.297,0.012,3.24159985487545,-0.735774647736325,78.6534295963538,1
0.3,0.012,3.34948242648613,-1.28209883571393,71.9941399166022,4
0.0,0.014,6.0,1.0,2006.41019948175,3
0.003,0.014,6.06087444645768,1.78045382088308,2002.19831040285,1
0.006,0.014,6.08746519723824,2.08339507671754,1952.59945099588,1
0.009,0.014,6.00200657377857,2.06628778279854,1874.12796200737,1
0.012,0.014,5.80540577737544,1.88933076962394,1788.91522335819,1
0.015,0.014,5.53741294619876,1.65829167174833,1709.14997312064,1
0.018,0.014,5.23864109190584,1.42699252213242,1639.4074557675,1
0.021,0.014,4.93733902649163,1.21743787175918,1580.37680017538,1
0.024,0.014,4.64983728267262,1.03584349392597,1531.11155963097,1
0.027,0.014,4.38425296607548,0.881578289256222,1490.15647344811,1
0.03,0.014,4.14372575458557,0.751499359403354,1456.04532035572,1
0.033,0.014,3.92861187978411,0.641894086464864,1427.48451062798,1
0.036,0.014,3.73783080119071,0.549266771546594,1403.39669460697,1
0.039,0.014,3.56964365095669,0.470598399100661,1382.90846977774,1
0.042,0.014,3.42208460667259,0.403382659342582,1365.31994882868,1
0.045,0.014,3.29318911023433,0.345576710403479,1350.07213393773,1
0.048,0.014,3.18110681649726,0.295527643759221,1336.71788111076,1
0.051,0.014,3.08415072321192,0.251899510881071,1324.89795948678,1
0.054,0.014,3.00081199055882,0.213609703893229,1314.32200766439,1
0.057,0.014,2.92975709378676,0.179776609848185,1304.75364288848,1
0.06,0.014,2.86981655494277,0.149677776798169,1295.99889826341,1
0.063,0.014,2.81997028703962,0.122716981165166,1287.89725352317,1
0.066,0.014,2.77933220496743,0.0983984984680645,1280.31465936854,1
0.069,0.014,2.74713542547208,0.076307071972234,1273.13808533635,1
0.072,0.014,2.72271864210398,0.0560923394574297,1266.27123081569,1
0.075,0.014,2.70551386207829,0.0374567342313722,1259.63112591931,1
0.078,0.014,2.69503548326858,0.0201460948471445,1253.14541602142,1
0.081,0.014,2.69087058718054,0.0039423938856378,1246.75017469006,1
0.084,0.014,2.6926702799891,-0.011341866424055,1240.38812811903,1
0.087,0.014,2.70014190153168,-0.0258679385921003,1234.00720304844,1
0.09,0.014,2.71304192635922,-0.0397740613129107,1227.55933195081,1
0.093,0.014,2.73116939320124,-0.0531778452677464,1220.99946577043,1
0.096,0.014,2.75435971507253,-0.0661779764343551,1214.28475709435,1
0.099,0.014,2.7824787395645,-0.0788553680518562,1207.37388630474,1
0.102,0.014,2.81541694674422,-0.0912738699042314,1200.22651074236,1
0.105,0.014,2.85308369038018,-0.103480628607759,1192.8028227285,1
0.108,0.014,2.89540140717231,-0.115506183554956,1185.06320682288,1
0.111,0.014,2.94229973872508,-0.127364378815449,1176.96799020256,1
0.114,0.014,2.99370953265937,-0.139052170527343,1168.47728270833,1
0.117,0.014,3.049556712957,-0.15054941109963,1159.55090503741,1
0.12,0.014,3.10975603568027,-0.161818694833245,1150.14840482998,1
0.123,0.014,3.17420477469306,-0.172805353216265,1140.22916103763,1
0.126,0.014,3.24277641270389,-0.183437690893744,1129.75257698503,1
0.129,0.014,3.31531444523067,-0.193627553760615,1118.67836194354,1
0.132,0.014,3.39162643784497,-0.203271317286525,1106.96689982756,1
0.135,0.014,3.47147850864373,-0.212251374550916,1094.57970181296,1
0.138,0.014,3.55459043610032,-0.220438188166803,1081.47993729631,1
0.141,0.014,3.64063161451682,-0.227692947244328,1067.63303473041,1
0.144,0.014,3.72921809206769,-0.233870839293691,1053.00734059682,1
0.147,0.014,3.81991092653664,-0.238824907823606,1037.57482126871,1
0.15,0.014,3.91221607809793,-0.242410420769833,1021.31178899397,1
0.153,0.014,4.0055860242915,-0.24448962546855,1004.19962995264,1
0.156,0.014,4.09942322826378,-0.244936716663985,986.225509622827,1
0.159,0.014,4.19308551771011,-0.243642800155767,967.383028853918,1
0.162,0.014,4.28589334133156,-0.240520602028883,947.672803414306,1
0.165,0.014,4.3771387671428,-0.235508657883633,927.102940628824,1
0.168,0.014,4.46609598032631,-0.228574723110324,905.689389228557,1
0.171,0.014,4.55203293729389,-0.219718177096388,883.456142749208,1
0.174,0.014,4.63422374809424,-0.20897125143776,860.435282604124,1
0.177,0.014,4.71196130191576,-0.196398991266264,836.666854002684,1
0.18,0.014,4.78456962882135,-0.182097952473374,812.198575677836,1
0.183,0.014,4.85141551000258,-0.166193735517213,787.085392279686,1
0.186,0.014,4.9119189087563,-0.148837546399262,761.388885571592,1
0.189,0.014,4.96556188949588,-0.130202045075619,735.176566551104,1
0.192,0.014,5.01189581161228,-0.110476780970045,708.521074773476,1
0.195,0.014,5.0505467142462,-0.0898635184221723,681.499313177697,1
0.198,0.014,5.08121893069255,-0.0685717212710473,654.191546593463,1
0.201,0.014,5.1036970718511,-0.0468144005304275,626.680490129624,1
0.204,0.014,5.11784658497399,-0.0248044424940621,599.050410349648,1
0.207,0.014,5.12361312053765,-0.0027514402676555,571.386258229573,1
0.21,0.014,5.12102092652163,0.0191410355132074,543.772849119249,1
0.213,0.014,5.11017044234596,0.040677857555341,516.294101970865,1
0.216,0.014,5.0912351962344,0.0616746207413205,489.032348474768,1
0.219,0.014,5.06445803533455,0.0819599445497225,462.067722730765,1
0.222,0.014,5.0301466541186,0.101377927631326,435.477643698092,1
0.225,0.014,4.98866834865464,0.119790814793215,409.336405669262,1
0.228,0.014,4.94044392416311,0.137081845789999,383.714895950093,1
0.231,0.014,4.88594072814579,0.153158152208839,358.680463201327,1
0.234,0.014,4.82566487379511,0.167953462557471,334.296963825147,1
0.237,0.014,4.76015285705237,0.181430271690643,310.625016643626,1
0.24,0.014,4.68996295257602,0.193581027460074,287.722497145389,1
0.243,0.014,4.61566699732194,0.204427773969953,265.645300841667,1
0.246,0.014,4.53784343870379,0.214019543638387,244.448399422851,1
0.249,0.014,4.457072849512,0.222426569585461,224.187201176525,1
0.252,0.014,4.37393751861611,0.229730033030613,204.919204475001,1
0.255,0.014,4.28902725519175,0.236005470389558,186.705892765955,1
0.258,0.014,4.20295425140313,0.24129698954364,169.614748345902,1
0.261,0.014,4.11638080178424,0.24557784076004,153.721137110084,1
0.264,0.014,4.03006493436087,0.248690256879154,139.109597166887,1
0.267,0.014,3.94493054931559,0.250253166752412,125.873680725947,1
0.27,0.014,3.86217022009351,0.249519324912793,114.112836799761,1
0.273,0.014,3.78338939801722,0.245151947123901,103.923693191375,1
0.276,0.014,3.71079764596102,0.234872721329163,95.3812672620401,1
0.279,0.014,3.64743815924437,0.214906140817804,88.5028524366851,1
0.282,0.014,3.59740419465417,0.179111631850565,83.1839095517769,1
0.285,0.014,3.56587948898294,0.117678140756346,79.0941532068994,1
0.288,0.014,3.55858933147325,0.0153658631504556,75.5302467667806,1
0.291,0.014,3.57990947980076,-0.150203377089812,71.2568187702291,1
0.294,0.014,3.62911163447678,-0.408561250545509,64.5366539112508,1
0.297,0.014,3.69659117916157,-0.792186929398616,54.281522672546,1
0.3,0.014,3.76815214779939,-1.32790019250944,46.4670700804958,4
0.0,0.016,6.0,1.0,1894.98312741746,3
0.003,0.016,6.06027129651787,1.73729210100202,1898.08381801564,1
0.006,0.016,6.11189461238836,2.08421561634704,1869.69102765841,1
0.009,0.016,6.08463341129957,2.13997399080094,1815.66075466699,1
0.012,0.016,5.96179708168163,2.02418678354265,1751.14353021166,1
0.015,0.016,5.76390635702199,1.82980048390071,1686.55346487584,1
0.018,0.016,5.52174825229386,1.6134312134455,1627.11201924059,1
0.021,0.016,5.26172262774711,1.40400627229085,1574.74562552235,1
0.024,0.016,5.00206550939369,1.21382769124961,1529.64004283719,1
0.027,0.016,4.75383695254981,1.04648741172907,1491.1906853651,1
0.03,0.016,4.52298463307228,0.901476825294985,1458.51740217024,1
0.033,0.016,4.31216221987532,0.776613424898871,1430.71428205594,1
0.036,0.016,4.12203728933246,0.669231242401204,1406.95538044199,1
0.039,0.016,3.95215035055986,0.576719937117586,1386.52880875704,1
0.042,0.016,3.80145045204731,0.496738157784012,1368.83807532989,1
0.045,0.016,3.66861739501813,0.427272213437659,1353.39027988169,1
0.048,0.016,3.55224939745987,0.366626335309486,1339.78047688683,1
0.051,0.016,3.45096828830583,0.313386620630583,1327.6762876804,1
0.054,0.016,3.36347515916337,0.266378297086082,1316.80431329063,1
0.057,0.016,3.2885767987755,0.224624845211993,1306.93873510649,1
0.06,0.016,3.22519526289518,0.18731217245238,1297.89199810706,1
0.063,0.016,3.17236800030929,0.153758568550723,1289.50729572186,1
0.066,0.016,3.12924294165038,0.123390118475245,1281.65254207342,1
0.069,0.016,3.09507112935758,0.0957208693225305,1274.21554210653,1
0.072,0.016,3.06919836399029,0.070336975717163,1267.10011392058,1
0.075,0.016,3.0510566798854,0.0468841056401765,1260.22296337672,1
0.078,0.016,3.04015606828397,0.0250574905242266,1253.51115206046,1
0.081,0.016,3.0360766329959,0.0045941113492913,1246.90003400787,1
0.084,0.016,3.03846122838371,-0.0147333895938242,1240.33156434884,1
0.087,0.016,3.04700855311632,-0.0331213989319767,1233.75290503231,1
0.09,0.016,3.06146663229033,-0.0507388852023076,1227.11527010268,1
0.093,0.016,3.08162660099362,-0.0677300228843267,1220.37296655327,1
0.096,0.016,3.10731669575481,-0.0842160556653899,1213.48259740935,1
0.099,0.016,3.13839636164158,-0.100296537496558,1206.40240204296,1
0.102,0.016,3.174750389256,-0.116050069054491,1199.09171530605,1
0.105,0.016,3.21628300606924,-0.131534633494367,1191.51053227226,1
0.108,0.016,3.26291185979895,-0.146787627599403,1183.6191694879,1
0.111,0.016,3.31456184770005,-0.161825681497679,1175.37801685395,1
0.114,0.016,3.37115876481683,-0.176644360988559,1166.74737673498,1
0.117,0.016,3.4326227666301,-0.191217850145103,1157.68738871063,1
0.12,0.016,3.49886166729437,-0.205498717089161,1148.15803960228,1
0.123,0.016,3.56976412380548,-0.219417871371516,1138.11925904846,1
0.126,0.016,3.64519278870519,-0.232884825736349,1127.53110097134,1
0.129,0.016,3.72497754865695,-0.2457883765154,1116.35401076879,1
0.132,0.016,3.80890900225503,-0.257997813633675,1104.54917697577,1
0.135,0.016,3.89673236599008,-0.269364761311351,1092.07896446631,1
0.138,0.016,3.98814202996207,-0.279725732226294,1078.90742403659,1
0.141,0.016,4.08277701161844,-0.288905449728357,1065.00087046941,1
0.144,0.016,4.18021757285166,-0.296720953910242,1050.32851802444,1
0.147,0.016,4.27998326922332,-0.302986458201025,1034.8631588679,1
0.15,0.016,4.38153268593009,-0.307518865285829,1018.58186644641,1
0.153,0.016,4.48426507998453,-0.310143787833945,1001.46670247744,1
0.156,0.016,4.58752408976724,-0.310701855744673,983.505403376226,1
0.159,0.016,4.69060359138409,-0.309055033985437,964.692019904734,1
0.162,0.016,4.79275567854077,-0.305092631271226,945.027482955767,1
0.165,0.016,4.89320062446266,-0.298736657686978,924.520068985328,1
0.168,0.016,4.99113855950819,-0.289946195729157,903.1857409063,1
0.171,0.016,5.08576247810155,-0.278720488539135,881.048344347857,1
0.174,0.016,5.17627208669469,-0.265100521909612,858.139644975009,1
0.177,0.016,5.26188793389051,-0.249168978762437,834.499199743569,1
0.18,0.016,5.34186523569723,-0.231048566955176,810.174063015374,1
0.183,0.016,5.41550682987131,-0.210898849839526,785.218336679663,1
0.186,0.016,5.48217476404318,-0.188911827677406,759.692581030558,1
0.189,0.016,5.54130013639101,-0.165306610412615,733.663109372491,1
0.192,0.016,5.59239095194744,-0.140323574779041,707.201193552388,1
0.195,0.016,5.63503791410867,-0.114218403139694,680.382209500928,1
0.198,0.016,5.66891821924817,-0.0872563569010057,653.284751390502,1
0.201,0.016,5.69379754331178,-0.0597070507125563,625.98974051147,1
0.204,0.016,5.70953048805861,-0.0318398786422264,598.579551043094,1
0.207,0.016,5.71605978329194,-0.0039201184047381,571.137170340583,1
0.21,0.016,5.71341452030921,0.0237943756316284,543.745407007318,1
0.213,0.016,5.70170762934205,0.051056067371163,516.486156611088,1
0.216,0.016,5.68113272511184,0.0776304444692988,489.439732970922,1
0.219,0.016,5.65196034918142,0.103298754274705,462.684272744775,1
0.222,0.016,5.6145335561239,0.127860939023865,436.295222539862,1
0.225,0.016,5.56926274135915,0.151138846493505,410.344920605685,1
0.228,0.016,5.51661960607005,0.172979670176457,384.902288770828,1
0.231,0.016,5.45713020705738,0.193259435397361,360.032653891984,1
0.234,0.016,5.39136714842388,0.211886207346986,335.797720841683,1
0.237,0.016,5.31994113389412,0.228802561487195,312.255720061129,1
0.24,0.016,5.24349230659559,0.24398672528888,289.461750969527,1
0.243,0.016,5.16268205064104,0.257451660138909,267.468336887636,1
0.246,0.016,5.07818621301526,0.269241175921319,246.326195976978,1
0.249,0.016,4.9906910291631,0.279421912101325,226.085213439494,1
0.252,0.016,4.90089341407107,0.288069607770579,206.795568520254,1
0.255,0.016,4.80950773283148,0.295247414770006,188.508918313113,1
0.258,0.016,4.7172817114531,0.300972927770092,171.279456538517,1
0.261,0.016,4.62502479196964,0.305168880173348,155.164528855206,1
0.264,0.016,4.53365291229167,0.307589733852547,140.224263972321,1
0.267,0.016,4.44425416739069,0.307712153265368,126.519321675045,1
0.27,0.016,4.35817944293554,0.304570879650496,114.105293079875,1
0.273,0.016,4.27715936216766,0.296511961537781,103.021433584457,1
0.276,0.016,4.20344021640721,0.280822243893871,93.2702201362555,1
0.279,0.016,4.13990958578465,0.253179399597488,84.7828696298906,1
0.282,0.016,4.09013284637243,0.206860651486799,77.3653403595459,1
0.285,0.016,4.05812306197083,0.131685543598848,70.6218614881448,1
0.288,0.016,4.04751950767875,0.0128348678756513,63.8633092382065,1
0.291,0.016,4.05979200911782,-0.169903654349241,56.0417663668036,1
0.294,0.016,4.09155947581563,-0.441345611890702,45.8892506372731,1
0.297,0.016,4.13281703328239,-0.827453478542331,33.0289265674021,1
0.3,0.016,4.17247914821953,-1.34980383519357,24.1886350949857,4
0.0,0.018,6.0,1.0,1807.50574409782,3
0.003,0.018,6.05622198399671,1.69197818361182,1814.19587929243,1
0.006,0.018,6.11948871946122,2.06262460077086,1798.94894305667,1
0.009,0.018,6.12983398118512,2.17414207096984,1761.98686160896,1
0.012,0.018,6.06245151970502,2.11419025989521,1713.44974768518,1
0.015,0.018,5.92410143351704,1.96042260103951,1661.67099391415,1
0.018,0.018,5.73562492857867,1.76704752467999,1611.66158704776,1
0.021,0.018,5.51909734230091,1.56631887279325,1565.88376469807,1
0.024,0.018,5.29224932637398,1.3750035627098,1525.21698684093,1
0.027,0.018,5.067434104641,1.20046796209594,1489.6723732274,1
0.03,0.018,4.8524433411775,1.04491171998306,1458.84426108613,1
0.033,0.018,4.65173043881131,0.907935477359426,1432.1681714394,1
0.036,0.018,4.4674944003514,0.787980051704512,1409.05525113078,1
0.039,0.018,4.30049347752485,0.683086213036968,1388.95517824624,1
0.042,0.018,4.15060896752774,0.591270955639305,1371.38052150762,1
0.045,0.018,4.01721814534581,0.510696873812128,1355.91168509919,1
0.048,0.018,3.89943334340817,0.439734408902372,1342.19291153025,1
0.051,0.018,3.79625136283184,0.376971350165995,1329.92479909545,1
0.054,0.018,3.7066444488285,0.321198398203492,1318.85602521234,1
0.057,0.018,3.6296138764208,0.271385591392308,1308.77550140843,1
0.06,0.018,3.56421994999187,0.226656887807594,1299.50543682466,1
0.063,0.018,3.50959732037093,0.186266250615938,1290.89542231335,1
0.066,0.018,3.4649612980489,0.149576563569893,1282.8174824089,1
0.069,0.018,3.42960875096363,0.11604170516774,1275.1619787232,1
0.072,0.018,3.40291583281117,0.0851916482466683,1267.83423348457,1
0.075,0.018,3.38433393014937,0.0566202650230639,1260.75174909389,1
0.078,0.018,3.37338467051042,0.0299754671087897,1253.84191520584,1
0.081,0.018,3.36965448713221,0.0049513229674989,1247.0401124589,1
0.084,0.018,3.37278901671837,-0.018718165933654,1240.28813866771,1
0.087,0.018,3.38248746882028,-0.0412639031936343,1233.53289794943,1
0.09,0.018,3.39849701969248,-0.0628853787925453,1226.72530563334,1
0.093,0.018,3.42060723119438,-0.0837533846078399,1219.81937203674,1
0.096,0.018,3.44864446473845,-0.104011924182966,1212.77143655505,1
0.099,0.018,3.48246624405432,-0.123779453175964,1205.53953031498,1
0.102,0.018,3.52195551412049,-0.143149570144308,1198.08285115422,1
0.105,0.018,3.56701474430997,-0.162191266754806,1190.36133915462,1
0.108,0.018,3.61755983008804,-0.180948841409261,1182.3353445536,1
0.111,0.018,3.67351375872951,-0.199441579860104,1173.96538273089,1
0.114,0.018,3.73480002019462,-0.217663309790966,1165.21197321306,1
0.117,0.018,3.80133576447031,-0.235581942563715,1156.03556132006,1
0.12,0.018,3.8730247313799,-0.253139123206714,1146.39652223127,1
0.123,0.018,3.94975000804287,-0.270250117815384,1136.25524788454,1
0.126,0.018,4.03136670255796,-0.286804074149597,1125.57231723502,1
0.129,0.018,4.11769465943935,-0.302664794349275,1114.30874997637,1
0.132,0.018,4.20851138168341,-0.317672156115593,1102.42634284652,1
0.135,0.018,4.30354536424445,-0.331644308061354,1089.88808609268,1
0.138,0.018,4.40247008154266,-0.344380743939199,1076.65865555952,1
0.141,0.018,4.50489890399087,-0.35566632720403,1062.70497322171,1
0.144,0.018,4.61038124123189,-0.365276290713392,1047.99682587825,1
0.147,0.018,4.71840021809135,-0.372982176390728,1032.50752828131,1
0.15,0.018,4.8283721782836,-0.378558608127027,1016.21461336764,1
0.153,0.018,4.93964827620237,-0.381790711903349,999.100528740838,1
0.156,0.018,5.05151835545847,-0.382481916175317,981.153315428218,1
0.159,0.018,5.16321722312091,-0.380461791208315,962.367242564267,1
0.162,0.018,5.27393331288101,-0.375593528097669,942.743370420393,1
0.165,0.018,5.3828195944078,-0.367780626947578,922.290014473171,1
0.168,0.018,5.48900643991811,-0.356972368332394,901.023085276328,1
0.171,0.018,5.59161601608771,-0.343167688979405,878.966282930514,1
0.174,0.018,5.68977764602223,-0.326417173013392,856.151130882954,1
0.177,0.018,5.78264349865443,-0.306822999249727,832.6168413401,1
0.18,0.018,5.86940392592713,-0.28453684131219,808.410013181791,1
0.183,0.018,5.94930179058792,-0.259755883210428,783.584172143101,1
0.186,0.018,6.02164521091229,-0.232717267095544,758.199171267069,1
0.189,0.018,6.08581828584531,-0.203691410472822,732.320476324784,1
0.192,0.018,6.14128953898171,-0.172974698966135,706.018365315801,1
0.195,0.018,6.18761801003596,-0.140882066746717,679.367072881527,1
0.198,0.018,6.22445710253295,-0.107739918567979,652.443909469492,1
0.201,0.018,6.25155644223354,-0.0738797339670611,625.328381771582,1
0.204,0.018,6.26876209367799,-0.039632543674329,598.101336058003,1
0.207,0.018,6.27601551232909,-0.0053243047776623,570.84414047735,1
0.21,0.018,6.27335157768985,0.0287279491040496,543.637917162591,1
0.213,0.018,6.26089596926267,0.0622194196132331,516.56283091667,1
0.216,0.018,6.23886203146163,0.0948606127803145,489.697438934019,1
0.219,0.018,6.20754714991071,0.126380455306624,463.118105691681,1
0.222,0.018,6.16732855557051,0.156529678902037,436.8984886939,1
0.225,0.018,6.11865840781866,0.185084570787147,411.109103710396,1
0.228,0.018,6.06205800001157,0.211851027933425,385.816981761018,1
0.231,0.018,5.99811099014058,0.236668673400765,361.085433422626,1
0.234,0.018,5.92745568525584,0.259414612782503,336.973938019144,1
0.237,0.018,5.85077659410031,0.280006238590281,313.538174815264,1
0.24,0.018,5.76879569566069,0.29840233111897,290.830209344025,1
0.243,0.018,5.68226413852073,0.314601542414278,268.89883919037,1
0.246,0.018,5.59195537566469,0.328637154761067,247.790088259928,1
0.249,0.018,5.49866104515527,0.340566726027343,227.547814270731,1
0.252,0.018,5.40319122692432,0.350454796973084,208.214356867536,1
0.255,0.018,5.3063810373483,0.358346136132803,189.831096814009,1
0.258,0.018,5.20910584972517,0.364225892078832,172.438709788737,1
0.261,0.018,5.11230768947713,0.367961313062539,156.076765611736,1
0.264,0.018,5.01703538212473,0.369217115781019,140.782122716206,1
0.267,0.018,4.92450043772225,0.367332813556153,126.585269334329,1
0.27,0.018,4.83614858748358,0.361145041669783,113.50333863895,1
0.273,0.018,4.75374160853278,0.348731148800064,101.527970830491,1
0.276,0.018,4.6794322707224,0.327043237330611,90.6055969558624,1
0.279,0.018,4.61579122038371,0.291398977783681,80.6074119549765,1
0.282,0.018,4.56570058544279,0.234809895706159,71.2871337197325,1
0.285,0.018,4.53196265565781,0.147189184980826,62.2282016208557,1
0.288,0.018,4.51641517444631,0.0146353202569729,52.7916385480299,1
0.291,0.018,4.51841863063207,-0.180750711230527,42.104316855373,1
0.294,0.018,4.53302658974089,-0.459836531635669,29.2369446707888,1
0.297,0.018,4.5503562916839,-0.843792706490471,14.267251138415,1
0.3,0.018,4.56174521562354,-1.35041546004777,4.53001373715797,4
0.0,0.02,6.0,1.0,1737.35201695317,3
0.003,0.02,6.05120353088159,1.64770663843825,1745.67144049747,1
0.006,0.02,6.11879983041872,2.02843646113363,1738.6388089346,1
0.009,0.02,6.15294311013542,2.18094536164159,1713.60421114426,1
0.012,0.02,6.12620764667881,2.16888287429578,1677.25318346133,1
0.015,0.02,6.03637269627238,2.05522062378679,1636.02052632504,1
0.018,0.02,5.89584036074532,1.88899210977394,1594.33033707445,1
0.021,0.02,5.72157805878365,1.70295188411603,1554.74868293671,1
0.024,0.02,5.52932191536035,1.5165614527061,1518.5216358939,1
0.027,0.02,5.33138611434231,1.34013911415414,1486.06867357767,1
0.03,0.02,5.13646398807466,1.17834079102297,1457.3416416359,1
0.033,0.02,4.95022148076182,1.03257704856527,1432.0574672431,1
0.036,0.02,4.77605834848638,0.902532055877766,1409.8367825139,1
0.039,0.02,4.61578559833233,0.787059415848401,1390.28045075376,1
0.042,0.02,4.47015117702726,0.684684614793229,1373.00827224255,1
0.045,0.02,4.33922019507365,0.593872600525505,1357.67599646491,1
0.048,0.02,4.22263866205081,0.513160521611344,1343.9805578195,1
0.051,0.02,4.11981136401592,0.441215642789823,1331.65932613315,1
0.054,0.02,4.03001927072613,0.376853284518897,1320.4866160362,1
0.057,0.02,3.95249550141347,0.31903452431258,1310.26919874939,1
0.06,0.02,3.88647338612574,0.266854579717871,1300.84170574316,1
0.063,0.02,3.83121596810703,0.219527748368686,1292.06234178329,1
0.066,0.02,3.78603328081139,0.176371941762338,1283.80907239623,1
0.069,0.02,3.75029163973573,0.136794278946432,1275.97632142392,1
0.072,0.02,3.72341776196482,0.100278356301383,1268.47215255098,1
0.075,0.02,3.70489956413123,0.0663733642988937,1261.21588305168,1
0.078,0.02,3.69428484510507,0.0346850011794778,1254.13607102789,1
0.081,0.02,3.69117862981096,0.004868034661142,1247.16881952334,1
0.084,0.02,3.69523966440959,-0.0233796715366052,1240.25634697787,1
0.087,0.02,3.70617636298964,-0.0503218515831055,1233.34578086768,1
0.09,0.02,3.72374238002724,-0.0761874245631165,1226.38813875114,1
0.093,0.02,3.74773190002871,-0.101173130010248,1219.33746771487,1
0.096,0.02,3.77797468201708,-0.125445350258045,1212.15011917755,1
0.099,0.02,3.81433086271424,-0.149141243760134,1204.78414113213,1
0.102,0.02,3.8566855025015,-0.172369303485338,1197.19877424631,1
0.105,0.02,3.90494284877552,-0.195209448997589,1189.35404187946,1
0.108,0.02,3.95902028988118,-0.217712759864689,1181.21042709763,1
0.111,0.02,4.01884197810406,-0.239900961280982,1172.72863224626,1
0.114,0.02,4.08433211159092,-0.261765779658208,1163.86941862758,1
0.117,0.02,4.15540788227759,-0.28326829559341,1154.59352535724,1
0.12,0.02,4.231972119871,-0.304338432915754,1144.86166755645,1
0.123,0.02,4.31390569059503,-0.32487473394519,1134.63461466627,1
0.126,0.02,4.40105974354188,-0.344744580772038,1123.87334983167,1
0.129,0.02,4.4932479364922,-0.363785027994565,1112.53931096456,1
0.132,0.02,4.59023881585755,-0.381804411284771,1100.59471322496,1
0.135,0.02,4.69174857010686,-0.398584885517428,1088.00295122749,1
0.138,0.02,4.79743441991758,-0.413886023124716,1074.72907726888,1
0.141,0.02,4.90688894759421,-0.427449565315094,1060.74034928962,1
0.144,0.02,5.01963569827423,-0.439005364137719,1046.00683917183,1
0.147,0.02,5.13512640051528,-0.448278481806187,1030.50208843454,1
0.15,0.02,5.25274014801139,-0.454997326961831,1014.20379457883,1
0.153,0.02,5.37178485163141,-0.458902609975035,997.094507497334,1
0.156,0.02,5.4915012070903,-0.459756798184392,979.162311817245,1
0.159,0.02,5.61106932606417,-0.457353657256108,960.40146818478,1
0.162,0.02,5.72961804872024,-0.451527388962621,940.812984765602,1
0.165,0.02,5.84623679936293,-0.442160831943275,920.405090076791,1
0.168,0.02,5.95998967532408,-0.42919219272107,899.193580069083,1
0.171,0.02,6.06993128844132,-0.41261982822832,877.202016387691,1
0.174,0.02,6.1751237281961,-0.392504711128651,854.461758972217,1
0.177,0.02,6.27465390666643,-0.368970370020378,831.011824327063,1
0.18,0.02,6.36765049642202,-0.34220029391562,806.898570289894,1
0.183,0.02,6.45329969577283,-0.312433001843487,782.175218037674,1
0.186,0.02,6.53085915437631,-0.279955176322648,756.901231301505,1
0.189,0.02,6.59966955777345,-0.245093415188416,731.14158020604,1
0.192,0.02,6.65916358248027,-0.208205245625032,704.965921896433,1
0.195,0.02,6.70887216574097,-0.169670052365382,678.447731641622,1
0.198,0.02,6.74842825383503,-0.129880496749508,651.663416388028,1
0.201,0.02,6.77756836936679,-0.0892348562924151,624.691438279475,1
0.204,0.02,6.79613244772672,-0.0481305192386765,597.61146937402,1
0.207,0.02,6.80406242357035,-0.0069586569082539,570.50359183202,1
0.21,0.02,6.80140000064888,0.0339000973510545,543.447551401611,1
0.213,0.02,6.7882839265165,0.0740792790765577,516.522067087885,1
0.216,0.02,6.76494694183527,0.11322992360243,489.804197125702,1
0.219,0.02,6.73171241282068,0.151023977640047,463.368761023749,1
0.222,0.02,6.68899051679729,0.187158080802321,437.287819299922,1
0.225,0.02,6.63727376320995,0.221357845971294,411.630215961515,1
0.228,0.02,6.57713161623179,0.253382559740649,386.461192841188,1
0.231,0.02,6.5092040501134,0.283029994950857,361.842088406301,1
0.234,0.02,6.43419401284157,0.310140800648448,337.830135346588,1
0.237,0.02,6.35285898537985,0.334601727107685,314.478369852352,1
0.24,0.02,6.2660020832969,0.356346758413435,291.835659805185,1
0.243,0.02,6.1744634323243,0.375355049187656,269.946847866929,1
0.246,0.02,6.07911283747149,0.391644362674439,248.852987172722,1
0.249,0.02,5.98084503785787,0.405258431302323,228.59161988422,1
0.252,0.02,5.88057907884687,0.416246233252445,209.197008953957,1
0.255,0.02,5.779263515238,0.424630501865481,190.700176003771,1
0.258,0.02,5.67788923526502,0.430361736734402,173.128515707419,1
0.261,0.02,5.57751155612465,0.433252420213046,156.504639231267,1
0.264,0.02,5.47928265514702,0.432883905162133,140.843933963876,1
0.267,0.02,5.38449389915372,0.428475416733043,126.150103850029,1
0.27,0.02,5.29462433301256,0.418700889172633,112.407677398469,1
0.273,0.02,5.21138492285364,0.401435616035404,99.5701822612299,1
0.276,0.02,5.13673562968094,0.373413088885212,87.5425254944496,1
0.279,0.02,5.07283082415828,0.329778376696573,76.1564142527204,1
0.282,0.02,5.02181639176066,0.263549485085978,65.1390119448947,1
0.285,0.02,4.98536750943862,0.165061087877349,54.0784558115835,1
0.288,0.02,4.96385522193405,0.0215813207974638,42.3977581539258,1
0.291,0.02,4.95514308809699,-0.182563359798172,29.3712600164472,1
0.294,0.02,4.95336736685163,-0.464973928374454,14.3115276019553,1
0.297,0.02,4.94896394575636,-0.843165673948564,-2.39787441838617,1
0.3,0.02,4.9351829437578,-1.33203914788449,-12.9101550264315,4
0.0,0.022,6.0,1.0,1679.98643852497,3
0.003,0.022,6.04624065542995,1.60582974492372,1688.90385624035,1
0.006,0.022,6.1142489026827,1.98758696903003,1687.04199557706,1
0.009,0.022,6.16309507424802,2.16913817046521,1670.38316672213,1
0.012,0.022,6.16568404581541,2.1965185002331,1643.27844080774,1
0.015,0.022,6.11438575864602,2.11989636682352,1610.59857270235,1
0.018,0.022,6.01509275207004,1.98205083225088,1576.07109987437,1
0.021,0.022,5.87986998313273,1.81434468417956,1542.1267768108,1
0.024,0.022,5.72175780672519,1.63738663838971,1510.15512271101,1
0.027,0.022,5.55212087557203,1.46350972820361,1480.81975052678,1
0.03,0.022,5.37976995515252,1.29937716070011,1454.32396072986,1
0.033,0.022,5.21101444791301,1.14806096746466,1430.60356369449,1
0.036,0.022,5.05008244675474,1.01049709696812,1409.4545758341,1
0.039,0.022,4.89961347794451,0.886428987401223,1390.61204410823,1
0.042,0.022,4.76109900129311,0.774988379465983,1373.79569494274,1
0.045,0.022,4.63523347438425,0.675038042097286,1358.73452013647,1
0.048,0.022,4.52217730895004,0.585365570803468,1345.17865137274,1
0.051,0.022,4.42174650114984,0.504787163849385,1332.9039060912,1
0.054,0.022,4.33354593598957,0.432198532075849,1321.71231820624,1
0.057,0.022,4.25706131759163,0.366595682863737,1311.43062140799,1
0.06,0.022,4.19172152113015,0.307079190400231,1301.90781537889,1
0.063,0.022,4.13694016142364,0.252849944741414,1293.01244026375,1
0.066,0.022,4.09214272366342,0.203200978062963,1284.62988786224,1
0.069,0.022,4.05678374146648,0.157507946364101,1276.65990775873,1
0.072,0.022,4.03035714951476,0.11521965849538,1269.01437175003,1
0.075,0.022,4.01240196957877,0.0758493578252395,1261.6153091795,1
0.078,0.022,4.00250480759272,0.0389670720475642,1254.393200369,1
0.081,0.022,4.00030016437885,0.0041931312500663,1247.28550416864,1
0.084,0.022,4.00546923287798,-0.028807159768218,1240.23539224972,1
0.087,0.022,4.01773762652728,-0.0603277654011295,1233.19066342804,1
0.09,0.022,4.03687232581594,-0.0906251744691098,1226.1028139167,1
0.093,0.022,4.06267802153454,-0.119920769980941,1218.92624280712,1
0.096,0.022,4.09499295901159,-0.148402417151427,1211.61757564148,1
0.099,0.022,4.13368433762608,-0.176225371618549,1204.13509235649,1
0.102,0.022,4.17864328732735,-0.203512608725911,1196.43824900097,1
0.105,0.022,4.22977942433135,-0.230354676040645,1188.48728540434,1
0.108,0.022,4.28701497875599,-0.25680917579536,1180.24291338821,1
0.111,0.022,4.35027848600454,-0.282899991931137,1171.66608217302,1
0.114,0.022,4.41949804027763,-0.308616387681085,1162.71781934509,1
0.117,0.022,4.4945941222787,-0.333912113557109,1153.35914711485,1
0.12,0.022,4.57547203386109,-0.358704681137786,1143.55107460716,1
0.123,0.022,4.66201400002868,-0.382874973675437,1133.25466755397,1
0.126,0.022,4.75407103322801,-0.406267378197707,1122.43119697621,1
0.129,0.022,4.85145469582167,-0.428690632887137,1111.04236819826,1
0.132,0.022,4.95392894302563,-0.449919584997667,1099.05063078465,1
0.135,0.022,5.0612022786428,-0.469698044957057,1086.41956867188,1
0.138,0.022,5.17292050681713,-0.487742898040359,1073.11436784536,1
0.141,0.022,5.2886604107279,-0.503749592801229,1059.10235636036,1
0.144,0.022,5.40792472830326,-0.517399062891546,1044.35360833959,1
0.147,0.022,5.53013881912033,-0.528366055135488,1028.84159986684,1
0.15,0.022,5.65464941831858,-0.536328733278378,1012.54390057774,1
0.153,0.022,5.78072584513145,-0.540979308376275,995.442880457548,1
0.156,0.022,5.9075639690918,-0.542035321700641,977.526407228644,1
0.159,0.022,6.03429313209805,-0.539251086473269,958.788506183405,1
0.162,0.022,6.15998607943754,-0.532428696084807,939.229951912813,1
0.165,0.022,6.28367177326413,-0.521427945745377,918.858760650115,1
0.168,0.022,6.40435076024916,-0.506174508073792,897.690553405863,1
0.171,0.022,6.5210125601182,-0.486665763303017,875.748764081914,1
0.174,0.022,6.63265435769837,-0.462973816500845,853.064673421984,1
0.177,0.022,6.73830014427261,-0.435245432071953,829.677258722094,1
0.18,0.022,6.83701938862018,-0.403698862606691,805.632859998784,1
0.183,0.022,6.92794434105823,-0.368617816658642,780.984674711326,1
0.186,0.022,7.01028519026388,-0.330343062523135,755.792103802896,1
0.189,0.022,7.08334249326885,-0.289262365095153,730.119980368994,1
0.192,0.022,7.14651655984162,-0.245799568324591,704.03771751674,1
0.195,0.022,7.19931375819058,-0.20040364668276,677.618413274868,1
0.198,0.022,7.24134997874017,-0.15353845220765,650.93794773082,1
0.201,0.022,7.27235170773438,-0.105673694054115,624.074101555292,1
0.204,0.022,7.29215529271908,-0.0572774358195893,597.105716904849,1
0.207,0.022,7.30070501206944,-0.008810123441489,570.111912837729,1
0.21,0.022,7.29805049215208,0.0392800924636906,543.17135931041,1
0.213,0.022,7.28434386633838,0.0865611613007624,516.361607763023,1
0.216,0.022,7.25983687086383,0.132620578184002,489.758473031721,1
0.219,0.022,7.22487786213833,0.177068969800656,463.435461085743,1
0.222,0.022,7.17990855862152,0.219544199852678,437.463239559987,1
0.225,0.022,7.12546019290437,0.259716166203885,411.909152418439,1
0.228,0.022,7.06214873092908,0.297292196119692,386.836785123333,1
0.231,0.022,6.99066888604957,0.332022656340425,362.305590939601,1
0.234,0.022,6.91178682130605,0.363706113991276,338.370590944336,1
0.237,0.022,6.82633167536779,0.392193136090869,315.082158492874,1
0.24,0.022,6.73518633741297,0.417387607587595,292.485892047847,1
0.243,0.022,6.63927819997711,0.439244268297908,270.622567284553,1
0.246,0.022,6.53957090240666,0.457760983954257,249.528139098767,1
0.249,0.022,6.43705830902176,0.472964020954191,229.233735079269,1
0.252,0.022,6.33276211333888,0.484884215284539,209.765541956138,1
0.255,0.022,6.22773448107533,0.493521326447987,191.144432207929,1
0.258,0.022,6.12306696899055,0.498792952857731,173.385104947501,1
0.261,0.022,6.01990644828088,0.500463069012004,156.494418384945,1
0.264,0.022,5.91947766387916,0.498043481271325,140.468467165276,1
0.267,0.022,5.82310991386082,0.490659366699172,125.287810293439,1
0.27,0.022,5.73226136422076,0.476867946120848,110.910106380422,1
0.273,0.022,5.64852755804927,0.454418328945078,97.2593252835642,1
0.276,0.022,5.57360929711527,0.419943134139745,84.2108168942306,1
0.279,0.022,5.50919840376196,0.368583570982967,71.5720810209538,1
0.282,0.022,5.45672032915921,0.293577337227895,59.0604880142839,1
0.285,0.022,5.41686170575919,0.185891796814986,46.2820730577822,1
0.288,0.022,5.38883690090835,0.0340621706572376,32.7216255757802,1
0.291,0.022,5.36945699614338,-0.175537840644876,17.7724067080422,1
0.294,0.022,5.35232873150628,-0.457793094249138,0.920542649208732,1
0.297,0.022,5.32826564607942,-0.827331409362283,-17.2350757555298,1
0.3,0.022,5.2920502451233,-1.29673047482113,-28.4107130643064,4
0.0,0.024,6.0,1.0,1632.26154758029,3
0.003,0.024,6.04171928183347,1.56679656145955,1641.24096881287,1
0.006,0.024,6.10811830942249,1.94362529744721,1642.65101500552,1
0.009,0.024,6.16573571282749,2.14486226276184,1631.91585186626,1
0.012,0.024,6.18924597172105,2.20376662409293,1611.82403823643,1
0.015,0.024,6.16806997350051,2.15989687010322,1586.02291554801,1
0.018,0.024,6.10339057146949,2.04970894760824,1557.56673550215,1
0.021,0.024,6.00303873446216,1.90208196064778,1528.63703411024,1
0.024,0.024,5.87720484400587,1.73759048778269,1500.62594673861,1
0.027,0.024,5.73578421037043,1.56970466496123,1474.320643199,1
0.03,0.024,5.58713131227777,1.40656819423174,1450.08808086627,1
0.033,0.024,5.43771381353808,1.25265494831571,1428.0251166694,1
0.036,0.024,5.29222847439778,1.11006124843406,1408.06775510553,1
0.039,0.024,5.15389853342166,0.97942149007243,1390.06493504478,1
0.042,0.024,5.02480352016958,0.860518699955922,1373.82551625056,1
0.045,0.024,4.90617548702697,0.752674406642314,1359.14661834703,1
0.048,0.024,4.79864034341452,0.65498884507172,1345.82969752486,1
0.051,0.024,4.70240393406794,0.566483802406377,1333.68890216738,1
0.054,0.024,4.61739063989618,0.486184010819124,1322.55475048305,1
0.057,0.024,4.54334421329295,0.413160711697078,1312.27508743133,1
0.06,0.024,4.47989986088421,0.346552507385397,1302.71454074822,1
0.063,0.024,4.42663501484398,0.285572979076492,1293.75321539863,1
0.066,0.024,4.38310457446036,0.229510916843086,1285.28506176904,1
0.069,0.024,4.34886495286355,0.177726710577773,1277.21616490773,1
0.072,0.024,4.32349010643079,0.129647017701185,1269.4630882186,1
0.075,0.024,4.30658184062141,0.0847589398776613,1261.9513374925,1
0.078,0.024,4.29777602943598,0.0426044020342014,1254.61397220211,1
0.081,0.024,4.29674590602595,0.0027751022255009,1247.39036937083,1
0.084,0.024,4.30320323512569,-0.0350917919772949,1240.22513408388,1
0.087,0.024,4.31689792872513,-0.0713171374304914,1233.06714556396,1
0.09,0.024,4.33761648798581,-0.10618250092361,1225.86872608581,1
0.093,0.024,4.36517952709998,-0.139932073722201,1218.58492029247,1
0.096,0.024,4.39943854436559,-0.172773873212106,1211.17287377541,1
0.099,0.024,4.440272042105,-0.204880302403104,1203.59130154872,1
0.102,0.024,4.48758105315458,-0.23638814766859,1195.80003897599,1
0.105,0.024,4.54128410270717,-0.267398104603935,1187.75966962185,1
0.108,0.024,4.60131161714761,-0.297973933030853,1179.4312263027,1
0.111,0.024,4.66759978422863,-0.328141355868702,1170.77596324891,1
0.114,0.024,4.74008387040114,-0.357886833097046,1161.7551987271,1
0.117,0.024,4.81869101085932,-0.387156361033296,1152.33022867816,1
0.12,0.024,4.90333250579713,-0.415854467758423,1142.46231287057,1
0.123,0.024,4.99389568259799,-0.443843596242627,1132.11273570965,1
0.126,0.024,5.09023541826273,-0.470944085386298,1121.24294412942,1
0.129,0.024,5.19216545912158,-0.496934972935213,1109.8147648617,1
0.132,0.024,5.29944972502715,-0.521555849511292,1097.79070275465,1
0.135,0.024,5.41179384118,-0.544509985722293,1085.13432062162,1
0.138,0.024,5.52883719970921,-0.565468930082282,1071.8106992676,1
0.141,0.024,5.65014591085682,-0.584078730051418,1057.78697380582,1
0.144,0.024,5.77520705416729,-0.599967858472268,1043.0329391179,1
0.147,0.024,5.90342467587454,-0.612756831323049,1027.52171335845,1
0.15,0.024,6.03411799078337,-0.622069381041568,1011.23044387432,1
0.153,0.024,6.16652222585913,-0.627544907500174,994.141035022427,1
0.156,0.024,6.29979247966523,-0.628851775476019,976.240872481335,1
0.159,0.024,6.43301086040306,-0.625700877592914,957.523514253087,1
0.162,0.024,6.56519700391121,-0.617858754114391,937.989315259568,1
0.165,0.024,6.69532186663394,-0.605159477338318,917.645950945467,1
0.168,0.024,6.82232445071,-0.587514490182256,896.508806286905,1
0.171,0.024,6.94513087118921,-0.56491965303875,874.601200605873,1
0.174,0.024,7.06267494855603,-0.537458908327103,851.954425837408,1
0.177,0.024,7.17391933661864,-0.505304213435515,828.607586165276,1
0.18,0.024,7.277876108013,-0.46871169947727,804.607239456569,1
0.183,0.024,7.3736257402174,-0.428014350122564,780.006854367903,1
0.186,0.024,7.46033358248081,-0.38361181573937,754.86610966024,1
0.189,0.024,7.53726312804307,-0.335958234199895,729.250072347261,1
0.192,0.024,7.60378573692266,-0.285549078509708,703.228297297595,1
0.195,0.024,7.65938680766206,-0.232908066092815,676.873891934226,1
0.198,0.024,7.70366872961121,-0.178575040387402,650.262585705436,1
0.201,0.024,7.7363512107501,-0.123095491592229,623.471835899487,1
0.204,0.024,7.75726973156529,-0.0670120599741546,596.579990687918,1
0.207,0.024,7.76637290363341,-0.0108580156176075,569.66551891148,1
0.21,0.024,7.76371941467585,0.0448476097650905,542.806305944301,1
0.213,0.024,7.74947504312565,0.099603798946313,516.079007504033,1
0.216,0.024,7.72390996423743,0.152930908920032,489.558449453777,1
0.219,0.024,7.6873962954633,0.204374268079594,463.317061708802,1
0.222,0.024,7.64040559158061,0.253508508889306,437.424337864907,1
0.225,0.024,7.58350584360455,0.29994286805027,411.946318033476,1
0.228,0.024,7.51735749002136,0.34332734843504,386.945099053907,1
0.231,0.024,7.44270802622119,0.383359273772832,362.478381936108,1
0.234,0.024,7.36038499004326,0.419789422574735,338.599069207546,1
0.237,0.024,7.27128738153332,0.45242663525732,315.354923141467,1
0.24,0.024,7.17637590317579,0.481139561839022,292.788288327116,1
0.243,0.024,7.07666273576937,0.505854046885943,270.935867804592,1
0.246,0.024,6.97320184684025,0.526544498668015,249.82852038345,1
0.249,0.024,6.86708101795339,0.543217404359703,229.491017146163,1
0.252,0.024,6.7594168303915,0.555884861617964,209.941656547581,1
0.255,0.024,6.65135371270106,0.564525523538328,191.191588534839,1
0.258,0.024,6.54406774789298,0.569029633423958,173.243637093642,1
0.261,0.024,6.43877512334969,0.569123826886589,156.090336833295,1
0.264,0.024,6.3367436424509,0.564270150878894,139.710815454272,1
0.267,0.024,6.23930321358286,0.553532513517588,124.066071849142,1
0.27,0.024,6.14784711869126,0.53540310180787,109.092149066725,1
0.273,0.024,6.06380944826613,0.507582399440304,94.6907448901574,1
0.276,0.024,5.98859489708766,0.466711592481036,80.7170520164923,1
0.279,0.024,5.92342587629857,0.408069080395144,66.9652456152839,1
0.282,0.024,5.86906267514638,0.325268099044706,53.1532700789557,1
0.285,0.024,5.82535569547171,0.210032309585833,38.9108003531949,1
0.288,0.024,5.79062333784842,0.0521724863603866,23.7788247712785,1
0.291,0.024,5.76094002752522,-0.160089189272397,7.24449881458764,1
0.294,0.024,5.72961826054668,-0.439351775565224,-11.0801219668866,1
0.297,0.024,5.68785050724153,-0.79788903732434,-30.4391041388614,1
0.3,0.024,5.63166273408229,-1.24634560881142,-42.1767792211398,4
0.0,0.026,6.0,1.0,1591.95475233854,3
0.003,0.026,6.03774703234981,1.53062574225887,1600.72664628161,1
0.006,0.026,6.10157187535896,1.89864615101415,1604.21015329032,1
0.009,0.026,6.16411778540456,2.11236639950269,1597.69888604376,1
0.012,0.026,6.20241531158931,2.19581924540424,1582.93947582575,1
0.015,0.026,6.20454213790309,2.18002250035629,1562.64899864366,1
0.018,0.026,6.16844724539371,2.09556999433912,1539.28813344561,1
0.021,0.026,6.09853733281974,1.96835174330445,1514.75060375056,1
0.024,0.026,6.00232336987697,1.8180983295773,1490.34979157782,1
0.027,0.026,5.88801399926872,1.65868736290972,1466.91329443196,1
0.03,0.026,5.76313937131765,1.49922538647083,1444.90363849527,1
0.033,0.026,5.63395250649721,1.34527687780132,1424.52921897624,1
0.036,0.026,5.50530611828273,1.19994106317179,1405.83277178295,1
0.039,0.026,5.380770997645,1.06468475413387,1388.75611019965,1
0.042,0.026,5.26284868778836,0.939940560185555,1373.18466621583,1
0.045,0.026,5.153198725681,0.825515904611955,1358.97664317299,1
0.048,0.026,5.05284371947515,0.720862673853742,1345.98122318355,1
0.051,0.026,4.96233952745523,0.625249657774672,1334.04935647514,1
0.054,0.026,4.88190969895607,0.53786961063754,1323.03970806582,1
0.057,0.026,4.8115483715538,0.457903501865312,1312.8215454288,1
0.06,0.026,4.75109731610064,0.384557350128885,1303.2757578235,1
0.063,0.026,4.70030268073371,0.317081871905726,1294.29478010343,1
0.066,0.026,4.65885620806577,0.254781619371481,1285.78191072061,1
0.069,0.026,4.62642477344005,0.197017899127605,1277.65032708802,1
0.072,0.026,4.60267122862444,0.143208195299282,1269.82198108884,1
0.075,0.026,4.58726880905743,0.0928238026027449,1262.22648124532,1
0.078,0.026,4.57991078426311,0.0453867208877465,1254.80002057683,1
0.081,0.026,4.58031658472615,0.0004664459918519,1247.48438021311,1
0.084,0.026,4.58823530085295,-0.0423229716231284,1240.22602162905,1
0.087,0.026,4.60344719730071,-0.0833253943322294,1232.9752705569,1
0.09,0.026,4.62576369883076,-0.122844488191632,1225.68559040664,1
0.093,0.026,4.65502616580932,-0.161144999364544,1218.31294060628,1
0.096,0.026,4.69110367614523,-0.198453419979106,1210.81521454138,1
0.099,0.026,4.7338899565833,-0.234958075564976,1203.15175202738,1
0.102,0.026,4.78329955315916,-0.270808687604269,1195.28292205557,1
0.105,0.026,4.8392632935441,-0.306115483399723,1187.16977264677,1
0.108,0.026,4.90172306977018,-0.340947944075775,1178.77374586008,1
0.111,0.026,4.97062595640962,-0.375333301680349,1170.05645723258,1
0.114,0.026,5.04591767556316,-0.409254918811598,1160.979540098,1
0.117,0.026,5.1275354255405,-0.442650708997167,1151.50455629152,1
0.12,0.026,5.21540010491262,-0.475411782539189,1141.59297564172,1
0.123,0.026,5.30940798797748,-0.50738152929029,1131.20622732057,1
0.126,0.026,5.40942194195826,-0.538355374607904,1120.30582650075,1
0.129,0.026,5.51526232059095,-0.568081464427345,1108.8535797736,1
0.132,0.026,5.62669772277128,-0.596262545987173,1096.81187231509,1
0.135,0.026,5.74343586732947,-0.622559307422553,1084.14403874467,1
0.138,0.026,5.86511490316282,-0.64659541685895,1070.8148178922,1
0.141,0.026,5.99129554350725,-0.667964454373718,1056.7908891706,1
0.144,0.026,6.12145447759667,-0.686238853529325,1042.04148487634,1
0.147,0.026,6.25497956363686,-0.700980860155917,1026.5390684924,1
0.15,0.026,6.39116733318597,-0.711755374773396,1010.26006402596,1
0.153,0.026,6.52922332670508,-0.718144376079686,993.185615782063,1
0.156,0.026,6.66826572141958,-0.719762436634552,975.302352122915,1
0.159,0.026,6.8073325962617,-0.716272655062861,956.603121244621,1
0.162,0.026,6.94539300020254,-0.707402164799535,937.087662554443,1
0.165,0.026,7.08136175345859,-0.692956265004113,916.763174720985,1
0.168,0.026,7.21411763015199,-0.672830183001153,895.64474179715,1
0.171,0.026,7.34252427192036,-0.647017543220268,873.755582746331,1
0.174,0.026,7.46545290098606,-0.615614798184819,851.127097653086,1
0.177,0.026,7.58180568073403,-0.578821169098845,827.798695720894,1
0.18,0.026,7.69053845340748,-0.536934023118308,803.817404975032,1
0.183,0.026,7.79068159977625,-0.490340037397346,779.23727977805,1
0.186,0.026,7.88135792772573,-0.439502907425343,754.118637647027,1
0.189,0.026,7.9617967944022,-0.384948684941751,728.527169081112,1
0.192,0.026,8.03134406322848,-0.327250022544039,702.532971152967,1
0.195,0.026,8.08946793584717,-0.267010622005013,676.209556316173,1
0.198,0.026,8.13576111282746,-0.204851024395503,649.632882213516,1
0.201,0.026,8.16994006161985,-0.141396567124353,622.880437395983,1
0.204,0.026,8.19184235693304,-0.0772679180342268,596.030403840953,1
0.207,0.026,8.20142308296107,-0.0130741492018951,569.160902487334,1
0.21,0.026,8.1987511523877,0.0505920928962024,542.349315102361,1
0.213,0.026,8.18400613405097,0.113158062942449,515.671666569246,1
0.216,0.026,8.15747584023272,0.174073924632532,489.202047267999,1
0.219,0.026,8.1195545679178,0.23281614590969,463.01205585749,1
0.222,0.026,8.07074157950482,0.288891935120267,437.170247826734,1
0.225,0.026,8.01163920199352,0.341845031545264,411.741583276448,1
0.228,0.026,7.94294985674691,0.391262736180411,386.786876548202,1
0.231,0.026,7.86547141799962,0.436783614685073,362.362258249837,1
0.234,0.026,7.7800905247796,0.478104883588327,338.518664649385,1
0.237,0.026,7.68777380121907,0.514988148904436,315.301368385137,1
0.24,0.026,7.58955731992236,0.547261925286654,292.749556635402,1
0.243,0.026,7.48653500876091,0.574819216330219,270.895947689886,1
0.246,0.026,7.37984698975316,0.597608346018984,249.7664142565,1
0.249,0.026,7.27066899174266,0.615615138135606,229.379552153548,1
0.252,0.026,7.16020394368723,0.628834373978974,209.746096655522,1
0.255,0.026,7.04967657627558,0.637228152794881,190.868046014667,1
0.258,0.026,6.94033125932944,0.640668293181541,172.737303259464,1
0.261,0.026,6.83343225894496,0.638859262077805,155.333595564179,1
0.264,0.026,6.73026391763529,0.63123741973258,138.621381720167,1
0.267,0.026,6.6321256610457,0.616841930625195,122.545427433832,1
0.27,0.026,6.54031287367526,0.594153140272378,107.024745132708,1
0.273,0.026,6.45606930355453,0.560896694756229,91.9447119237157,1
0.276,0.026,6.38048997156403,0.513818001017249,77.1474761205894,1
0.279,0.026,6.31434711006167,0.448444169457823,62.4213440089578,1
0.282,0.026,6.25780959843309,0.35887125623484,47.4908297493368,1
0.285,0.026,6.21003664272378,0.2376420483669,32.0106853971051,1
0.288,0.026,6.16866022905362,0.0758043231385035,15.5706675863064,1
0.291,0.026,6.1292416997603,-0.136760143329906,-2.26859938674034,1
0.294,0.026,6.08494455831327,-0.410697842100817,-21.8025357318901,1
0.297,0.026,6.02731855062171,-0.756309027927324,-42.1578365648953,1
0.3,0.026,5.95340864003496,-1.18258056842883,-54.3655323144324,4
0.0,0.028,6.0,1.0,1557.46681375829,3
0.003,0.028,6.0343149900166,1.49714335579692,1565.90558651619,1
0.006,0.028,6.09518439510548,1.85386119003436,1570.69764919122,1
0.009,0.028,6.16018559208339,2.07456730281907,1567.22400378645,1
0.012,0.028,6.20883353812424,2.17663277192118,1556.53688549945,1
0.015,0.028,6.2288646382076,2.18431492212471,1540.65686315013,1
0.018,0.028,6.21612141581685,2.12303406964706,1521.54678293789,1
0.021,0.028,6.17236757611564,2.01557270366056,1500.81575848438,1
0.024,0.028,6.10276593320531,1.8803214806332,1479.65723077211,1
0.027,0.028,6.01382744674123,1.73101051986831,1458.88540481134,1
0.03,0.028,5.91206146369163,1.57725231418724,1439.00831053042,1
0.033,0.028,5.80324749977825,1.42538503833845,1420.30584889867,1
0.036,0.028,5.69214470009857,1.27931898526839,1402.89827267713,1
0.039,0.028,5.58246276367682,1.14125391217144,1386.80027864103,1
0.042,0.028,5.47696504473518,1.01223318738402,1371.96087994673,1
0.045,0.028,5.37762277096311,0.892547474832522,1358.29132048591,1
0.048,0.028,5.28577563868232,0.782017060427288,1345.68379525879,1
0.051,0.028,5.20227742050105,0.680183293305356,1334.0235012335,1
0.054,0.028,5.12761869523568,0.586435071304426,1323.19604730609,1
0.057,0.028,5.0620258163088,0.500090370112781,1313.09173867085,1
0.06,0.028,5.00553842080411,0.420447397021223,1303.60781524947,1
0.063,0.028,4.95806888997087,0.346815627831092,1294.64938827111,1
0.066,0.028,4.9194472477475,0.278533773081108,1286.12957503378,1
0.069,0.028,4.88945460972193,0.214979430907026,1277.96916088074,1
0.072,0.028,4.86784777478989,0.155573596619706,1270.09600073132,1
0.075,0.028,4.85437703131188,0.0997821183800846,1262.44429443882,1
0.078,0.028,4.84879878960656,0.0471154619558913,1254.9538188802,1
0.081,0.028,4.85088427107977,-0.0028723361346518,1247.56916640151,1
0.084,0.028,4.86042517920674,-0.0505849676688289,1240.23901803978,1
0.087,0.028,4.87723703907576,-0.0963850551981412,1232.91546671136,1
0.09,0.028,4.90116070837694,-0.140595047898246,1225.55339754146,1
0.093,0.028,4.93206242235108,-0.183497692674465,1218.10992787673,1
0.096,0.028,4.96983262875671,-0.225336024625808,1210.5439070654,1
0.099,0.028,5.01438378873521,-0.266312864949246,1202.81547501917,1
0.102,0.028,5.06564725971696,-0.306589847869295,1194.88567837425,1
0.105,0.028,5.12356933293913,-0.346286026452623,1186.71614341384,1
0.108,0.028,5.18810646776408,-0.385476133725141,1178.26880558294,1
0.111,0.028,5.2592197458988,-0.424188602611742,1169.50569627717,1
0.114,0.028,5.3368685597967,-0.462403477154507,1160.38878851718,1
0.117,0.028,5.42100355065485,-0.500050378674657,1150.87990405329,1
0.12,0.028,5.51155882272076,-0.537006723639274,1140.94068531034,1
0.123,0.028,5.60844348267795,-0.57309642370473,1130.5326363074,1
0.126,0.028,5.71153258642143,-0.608089330483313,1119.61723718713,1
0.129,0.028,5.820657621174,-0.641701714682517,1108.15613716417,1
0.132,0.028,5.93559670876129,-0.673598086919094,1096.11143043064,1
0.135,0.028,6.05606478515617,-0.703394670132788,1083.44601870019,1
0.138,0.028,6.18170408985087,-0.730664814661436,1070.12406247919,1
0.141,0.028,6.31207538189842,-0.754946599848348,1056.11152067266,1
0.144,0.028,6.44665038067613,-0.775752784148343,1041.37677463675,1
0.147,0.028,6.58480599871946,-0.792583144394262,1025.89132820522,1
0.15,0.028,6.72582097862426,-0.804939082824425,1009.63056957147,1
0.153,0.028,6.86887555108618,-0.812340181509506,992.574574374947,1
0.156,0.028,7.01305468107852,-0.814342158858435,974.708922298202,1
0.159,0.028,7.15735535035494,-0.810555451176866,956.025492547725,1
0.162,0.028,7.30069812877536,-0.800663431501495,936.523197643387,1
0.165,0.028,7.44194301577664,-0.784439122514448,916.208611065813,1
0.168,0.028,7.57990920123166,-0.761759197109062,895.096443697091,1
0.171,0.028,7.71339803186017,-0.732614121821128,873.20982771772,1
0.174,0.028,7.84121811964001,-0.697113505041698,850.580375380304,1
0.177,0.028,7.96221124630705,-0.655486063038323,827.247993850381,1
0.18,0.028,8.07527755765548,-0.608074085017119,803.260455110898,1
0.183,0.028,8.17939854635029,-0.555322809083965,778.672739764605,1
0.186,0.028,8.27365651247044,-0.497765638186901,753.546192617128,1
0.189,0.028,8.3572495552743,-0.436006544988596,727.947543060011,1
0.192,0.028,8.42950164221263,-0.370701262358377,701.947851790612,1
0.195,0.028,8.48986784911349,-0.302538883389024,675.621445718411,1
0.198,0.028,8.53793538207064,-0.232225291621964,649.044894997243,1
0.201,0.028,8.57342139390822,-0.160469440543818,622.296071568527,1
0.204,0.028,8.59616883349451,-0.0879729693269269,595.4533101774,1
0.207,0.028,8.60614158394442,-0.0154230694831619,568.594673841344,1
0.21,0.028,8.60341996166565,0.0565120000263873,541.797309347091,1
0.213,0.028,8.58819730181881,0.127185729809455,515.136866939435,1
0.216,0.028,8.56077791212884,0.195975669774917,488.686953316778,1
0.219,0.028,8.52157621508012,0.262286347667701,462.518588594807,1
0.222,0.028,8.47111649839596,0.325553652478662,436.699645185935,1
0.225,0.028,8.41003242389396,0.385251105017189,411.294257770395,1
0.228,0.028,8.33906535141019,0.440897897419936,386.362206192914,1
0.231,0.028,8.25906063321206,0.492068016653555,361.958284307363,1
0.234,0.028,8.17096130719955,0.538399253306513,338.131674655989,1
0.237,0.028,8.07579901504129,0.579600498365513,314.925349078943,1
0.24,0.028,7.9746824220341,0.61545547954289,292.375507504625,1
0.243,0.028,7.8687838359408,0.645820980501955,270.511050997593,1
0.246,0.028,7.75932503125586,0.670617580881987,249.353061392708,1
0.249,0.028,7.64756341302393,0.689810986469243,228.914229968582,1
0.252,0.028,7.53477954285795,0.703382012359709,209.198143365508,1
0.255,0.028,7.42226664713589,0.71128317534739,190.19829823876,1
0.258,0.028,7.31132197229748,0.713379621168926,171.896679379879,1
0.261,0.028,7.20323865603829,0.709371803913289,154.261703320206,1
0.264,0.028,7.09929501654273,0.698697109325886,137.245308618515,1
0.267,0.028,7.00073566270511,0.680407809364649,120.778979905574,1
0.27,0.028,6.90873546341463,0.653023953691988,104.768550721158,1
0.273,0.028,6.82433324880217,0.614362990263012,89.0877791319385,1
0.276,0.028,6.74831776769622,0.561354333100197,73.5709815942862,1
0.279,0.028,6.6810456367034,0.489858015133942,58.0055016696866,1
0.282,0.028,6.62217328800626,0.394522180866056,42.1255401840659,1
0.285,0.028,6.57029759879491,0.268731632901459,25.6100347895907,1
0.288,0.028,6.52252903261345,0.104710558924002,8.0899573929126,1
0.291,0.028,6.47407498650752,-0.1061675426163,-10.8167290964013,1
0.294,0.028,6.41804140624592,-0.372855005131914,-31.3366604099397,1
0.297,0.028,6.34630624657628,-0.703956564971129,-52.5075833299396,1
0.3,0.028,6.256755370826,-1.10700133097018,-65.1012244236308,4
0.0,0.03,6.0,1.0,1527.62514486157,3
0.003,0.03,6.03137031998226,1.4661015328532,1535.6827106552,1
0.006,0.03,6.08922000243027,1.80994701550891,1541.29015359897,1
0.009,0.03,6.15509879324589,2.03345810162606,1540.01930780839,1
0.012,0.03,6.21090362413701,2.14918523352812,1532.45921152471,1
0.015,0.03,6.2446251457997,2.17608444198155,1520.11298075171,1
0.018,0.03,6.25082215794994,2.13514577864466,1504.53797574033,1
0.021,0.03,6.22929373082227,2.04615822930001,1487.0826675282,1
0.024,0.03,6.18324044357603,1.92591518312638,1468.80498576295,1
0.027,0.03,6.11758938366942,1.78760968884272,1450.47346689613,1
0.03,0.03,6.03776098671486,1.64098714955666,1432.60661066293,1
0.033,0.03,5.94890283414338,1.49286707459292,1415.52491277346,1
0.036,0.03,5.85549709345759,1.34777011203372,1399.4017353888,1
0.039,0.03,5.76122092134457,1.20850631322398,1384.3067337199,1
0.042,0.03,5.66895605662554,1.07666472016198,1370.24002357096,1
0.045,0.03,5.5808736268771,0.952992679868727,1357.15758016235,1
0.048,0.03,5.49854767088371,0.837676057986397,1344.98930913591,1
0.051,0.03,5.42307120809224,0.730539290848608,1333.65143076959,1
0.054,0.03,5.3551619413228,0.631184493299694,1323.05466462791,1
0.057,0.03,5.29525254432205,0.539086073420104,1313.10942331727,1
0.06,0.03,5.24356475044302,0.453653781265692,1303.72893635079,1
0.063,0.03,5.20016851969237,0.374273847055181,1294.8309767321,1
0.066,0.03,5.16502836801798,0.300335188355934,1286.33866685969,1
0.069,0.03,5.13803908769234,0.231245620222563,1278.18069381963,1
0.072,0.03,5.11905291803694,0.166441501187726,1270.29115842511,1
0.075,0.03,5.10789993317596,0.105393175440886,1262.60920799963,1
0.078,0.03,5.10440309695168,0.0476078188299682,1255.0785515784,1
0.081,0.03,5.10838914090562,-0.0073692253738336,1247.64692132935,1
0.084,0.03,5.11969616723951,-0.0599538935759363,1240.26552063641,1
0.087,0.03,5.13817866840973,-0.11052314973907,1232.8884838732,1
0.09,0.03,5.1637104853332,-0.159414719708788,1225.47236290749,1
0.093,0.03,5.19618609145183,-0.206926613114755,1217.97564906621,1
0.096,0.03,5.23552048406966,-0.253316314881299,1210.35833545815,1
0.099,0.03,5.28164788195591,-0.298799587109215,1202.58152238345,1
0.102,0.03,5.33451936465196,-0.343548867314023,1194.60706750439,1
0.105,0.03,5.39409954071784,-0.387691286792903,1186.39728214356,1
0.108,0.03,5.46036229678647,-0.431306367471275,1177.914675263,1
0.111,0.03,5.53328565515125,-0.474423489824472,1169.12174719307,1
0.114,0.03,5.61284575389709,-0.517019260184806,1159.98083590165,1
0.117,0.03,5.69900996020229,-0.559014943796413,1150.45401942863,1
0.12,0.03,5.79172913489305,-0.600274170310664,1140.50307897686,1
0.123,0.03,5.89092908557988,-0.640601159964028,1130.08952796174,1
0.126,0.03,5.99650127796715,-0.679739759250979,1119.1747129817,1
0.129,0.03,6.10829292141471,-0.717373611003593,1107.71999306176,1
0.132,0.03,6.2260966063584,-0.753127810494638,1095.68700349587,1
0.135,0.03,6.3496397476639,-0.786572410106388,1083.03800999916,1
0.138,0.03,6.47857417771811,-0.817228122560629,1069.73635747777,1
0.141,0.03,6.61246633203046,-0.844574528152172,1055.74701532345,1
0.144,0.03,6.75078857117388,-0.868061006388013,1041.03721754371,1
0.147,0.03,6.89291227512393,-0.887120479908214,1025.57719109722,1
0.15,0.03,7.03810341455294,-0.901185875027501,1009.34095947371,1
0.153,0.03,7.18552133003135,-0.90970897108445,992.307200962442,1
0.156,0.03,7.33422141416848,-0.912181040916816,974.460132562756,1
0.159,0.03,7.4831622744529,-0.908154398716578,955.790381786908,1
0.162,0.03,7.63121774248769,-0.897263702189858,936.295800722214,1
0.165,0.03,7.77719378603143,-0.879245646156038,915.98217101482,1
0.168,0.03,7.91984998770394,-0.853955582373094,894.863746472072,1
0.171,0.03,8.05792481240591,-0.821379650193294,872.963583265255,1
0.174,0.03,8.1901634485005,-0.781641235102592,850.313617333653,1
0.177,0.03,8.31534664434812,-0.735000991790544,826.954464754179,1
0.18,0.03,8.43231874395496,-0.681850244768479,802.934942492173,1
0.183,0.03,8.54001311286039,-0.622698245182675,778.311331603612,1
0.186,0.03,8.63747336825436,-0.558154419934001,753.146428939593,1
0.189,0.03,8.72386927418784,-0.488907288219592,727.508452524971,1
0.192,0.03,8.79850677686962,-0.415702041509893,701.469876358129,1
0.195,0.03,8.860832342548,-0.33931882050719,675.106270233633,1
0.198,0.03,8.9104324086988,-0.260553462720042,648.49520930863,1
0.201,0.03,8.94702926042028,-0.180201978684692,621.715298689618,1
0.204,0.03,8.97047491748624,-0.099049332543224,594.845334081072,1
0.207,0.03,8.98074462515074,-0.0178623711153243,567.963594928726,1
0.21,0.03,8.97793129264864,0.0626139123667516,541.147245598164,1
0.213,0.03,8.96224176943574,0.141658071485029,514.471806002364,1
0.216,0.03,8.93399527419512,0.218573372140339,488.010647382495,1
0.219,0.03,8.89362369579089,0.292689883449703,461.834471849724,1
0.222,0.03,8.84167296963433,0.363368612226708,436.01074466073,1
0.225,0.03,8.77880438350134,0.430008246414922,410.603063715113,1
0.228,0.03,8.70579454139841,0.49205438955018,385.670468223702,1
0.231,0.03,8.62353283157063,0.549010460017051,361.266704199567,1
0.234,0.03,8.53301558072994,0.600448800168878,337.43947473276,1
0.237,0.03,8.43533656610655,0.646020074832238,314.229705034542,1
0.24,0.03,8.33167410547952,0.685458781624214,291.670844436041,1
0.243,0.03,8.22327544566855,0.718582644898111,269.788210023563,1
0.246,0.03,8.1114395201658,0.745283774082221,248.598351060809,1
0.249,0.03,7.9974992638186,0.765509657857816,228.108382521316,1
0.252,0.03,7.88280449781829,0.779232252248469,208.315203127393,1
0.255,0.03,7.76870589124931,0.786403537226786,189.20448156004,1
0.258,0.03,7.65653963092749,0.786895945932406,170.749267563408,1
0.261,0.03,7.54761114495506,0.780426075829472,152.908067339284,1
0.264,0.03,7.44317446938949,0.766460249042187,135.622222596637,1
0.267,0.03,7.34440157174107,0.744101130445665,118.812462496814,1
0.27,0.03,7.25233318083725,0.71195625834973,102.374576836929,1
0.273,0.03,7.16779968891775,0.667992705684938,86.1743133297033,1
0.276,0.03,7.0912982589681,0.609387948892352,70.0418614489992,1
0.279,0.03,7.02281198830122,0.532395828194913,53.7666756507833,1
0.282,0.03,6.96156146354551,0.432257525304822,37.0939329254298,1
0.285,0.03,6.90569155747803,0.303197648102421,19.724732013615,1
0.288,0.03,6.85191989794348,0.138548265537744,1.32435522949553,1
0.291,0.03,6.79521447190398,-0.0689699831421587,-18.4444413314813,1
0.294,0.03,6.72868253846788,-0.326816978541339,-39.756656397947,1
0.297,0.03,6.64450075193493,-0.642109290579449,-61.5824159756953,1
0.3,0.03,6.54125186641339,-1.02106684225773,-74.4845512513393,4
0.0,0.032,6.0,1.0,1501.55423422414,3
0.003,0.032,6.0288483315252,1.43723641062495,1509.22363145863,1
0.006,0.032,6.08378005142506,1.76725695295391,1515.32576988144,1
0.009,0.032,6.14954403722738,1.9903959450341,1515.66485781595,1
0.012,0.032,6.21021299624059,2.11570292846406,1510.52061703732,1
0.015,0.032,6.25436299456707,2.1579964266636,1501.01284688074,1
0.018,0.032,6.27584946522258,2.13454421767822,1488.37440620003,1
0.021,0.032,6.27306087769087,2.06238025915638,1473.72541529696,1
0.024,0.032,6.24761491383178,1.95661115836743,1457.98807103948,1
0.027,0.032,6.20303306416434,1.82964281821992,1441.86803093311,1
0.03,0.032,6.14366626542117,1.69106821156217,1425.87102231235,1
0.033,0.032,6.0739520471788,1.54793680508327,1410.33523273719,1
0.036,0.032,5.99797286936262,1.40518804509714,1395.46755404291,1
0.039,0.032,5.91924173064274,1.26611120368626,1381.37722890023,1
0.042,0.032,5.84063807851212,1.13276002761441,1368.10410023697,1
0.045,0.032,5.76443173859316,1.00629462592346,1355.64082934429,1
0.048,0.032,5.69235112543456,0.887247767210323,1343.94955958323,1
0.051,0.032,5.62566807012139,0.775724304201227,1332.97395037566,1
0.054,0.032,5.56528339476678,0.671546269492546,1322.6475843949,1
0.057,0.032,5.51180516096656,0.574356097446739,1312.89965264042,1
0.06,0.032,5.46561626933622,0.48368870026185,1303.65866034756,1
0.063,0.032,5.42693075976077,0.399020967810991,1294.85472993157,1
0.066,0.032,5.39583952274932,0.319805229599233,1286.4209309995,1
0.069,0.032,5.37234671623784,0.245491519435458,1278.29394965903,1
0.072,0.032,5.35639833526926,0.175542153152311,1270.41431913898,1
0.075,0.032,5.34790431533891,0.10944112792411,1262.72636696597,1
0.078,0.032,5.34675538619745,0.0467001166748236,1255.17798571025,1
0.081,0.032,5.3528356986374,-0.0131376988990481,1247.72030010909,1
0.084,0.032,5.36603205641425,-0.0704950908245722,1240.30727948484,1
0.087,0.032,5.38624041435012,-0.125758944277215,1232.89532791591,1
0.09,0.032,5.41337015702618,-0.179278704149402,1225.44287344561,1
0.093,0.032,5.44734655031592,-0.231364832993923,1217.90997016265,1
0.096,0.032,5.48811165806413,-0.282287101118705,1210.25792214359,1
0.099,0.032,5.53562393544152,-0.33227260125771,1202.44893522605,1
0.102,0.032,5.58985664592743,-0.381503436104039,1194.44580083366,1
0.105,0.032,5.65079519797728,-0.430114073668226,1186.211615222,1
0.108,0.032,5.71843345833248,-0.478188407691742,1177.70953729577,1
0.111,0.032,5.79276907044608,-0.525756601601868,1168.9025883802,1
0.114,0.032,5.87379778815299,-0.5727918370326,1159.75349788261,1
0.117,0.032,5.96150682672393,-0.619207133065943,1150.22459955051,1
0.12,0.032,6.05586723666531,-0.664852450388789,1140.27778393283,1
0.123,0.032,6.1568253214716,-0.709512344738612,1129.87451358652,1
0.126,0.032,6.26429315081266,-0.752904484271956,1118.97590843601,1
0.129,0.032,6.37813826729454,-0.794679392266217,1107.54290935285,1
0.132,0.032,6.49817274966188,-0.834421814548993,1095.536528308,1
0.135,0.032,6.62414187896268,-0.871654133042073,1082.91819314991,1
0.138,0.032,6.75571275599259,-0.905842243767027,1069.65019392704,1
0.141,0.032,6.8924633348857,-0.93640427908689,1055.69623542619,1
0.144,0.032,7.03387246193049,-0.962722468799884,1041.02209695212,1
0.147,0.032,7.17931162875939,-0.98415829293638,1025.59639508632,1
0.15,0.032,7.32803924783879,-1.00007087413158,1009.39143808671,1
0.153,0.032,7.47919831338625,-1.00983828917899,992.384151773371,1
0.156,0.032,7.6318182965971,-1.01288115781455,974.557046521624,1
0.159,0.032,7.78482201432739,-1.00868751528223,955.899184087342,1
0.162,0.032,7.93703798438723,-0.996837632352624,936.407092622368,1
0.165,0.032,8.08721843000914,-0.977027165043612,916.085570084229,1
0.168,0.032,8.23406263262941,-0.949086858262174,894.948312341346,1
0.171,0.032,8.37624479371924,-0.912997053804588,873.018304718709,1
0.174,0.032,8.51244501852706,-0.868895508806237,850.32792617824,1
0.177,0.032,8.64138156471233,-0.817077528970619,826.918734372576,1
0.18,0.032,8.76184220225745,-0.75798812932187,802.840926369083,1
0.183,0.032,8.87271248966238,-0.692206770872237,778.152500840312,1
0.186,0.032,8.9729990304127,-0.620426059156903,752.918178134339,1
0.189,0.032,9.06184632312824,-0.543426484659069,727.208159210657,1
0.192,0.032,9.13854658766982,-0.462049702377964,701.096817878448,1
0.195,0.032,9.20254281616631,-0.377172899910397,674.661420086795,1
0.198,0.032,9.25342611511836,-0.289686470650061,647.980949180121,1
0.201,0.032,9.29092903188589,-0.200476545986801,621.135090066311,1
0.204,0.032,9.31491689226344,-0.110413064882983,594.203393321254,1
0.207,0.032,9.32537916815789,-0.0203431241953052,567.264608302651,1
0.21,0.032,9.32242256004429,0.0689114832254062,540.396147708614,1
0.213,0.032,9.30626688672191,0.156554238274368,513.67362852729,1
0.216,0.032,9.27724413251084,0.24181334590187,487.170427941902,1
0.219,0.032,9.23580023657205,0.323942552385366,460.957197593446,1
0.222,0.032,9.18249854760366,0.402224784932673,435.101294127866,1
0.225,0.032,9.11802341815122,0.475979364573713,409.666105217628,1
0.228,0.032,9.04318224891825,0.544572678655666,384.710274167733,1
0.231,0.032,8.95890443848316,0.607431311713754,360.286848030669,1
0.234,0.032,8.86623611559989,0.664055860668999,336.442389153554,1
0.237,0.032,8.76633014497888,0.714033113456779,313.21609455502,1
0.24,0.032,8.66043158005893,0.757044011060886,290.638959672791,1
0.243,0.032,8.54985934971132,0.792864841366149,268.733003418707,1
0.246,0.032,8.43598538268671,0.821359370558235,247.510542936161,1
0.249,0.032,8.32021249749281,0.84246000612955,226.973473259065,1
0.252,0.032,8.20395215941563,0.856136498590436,207.112474000663,1
0.255,0.032,8.08860260870954,0.86235104687007,187.90603682567,1
0.258,0.032,7.97552689405719,0.860998954437074,169.319188085517,1
0.261,0.032,7.86602901015959,0.851834255462138,151.301775363013,1
0.264,0.032,7.76132465032717,0.834380168000695,133.786201206882,1
0.267,0.032,7.66250108760573,0.807825133745442,116.684531487367,1
0.27,0.032,7.57045853407584,0.77090699295554,99.8849926816447,1
0.273,0.032,7.48582336403743,0.721791010371549,83.2480176515744,1
0.276,0.032,7.40882258335465,0.657952412005617,66.6022172801309,1
0.279,0.032,7.33911018392349,0.576080763739212,49.7409519497613,1
0.282,0.032,7.27554132299848,0.472030834365411,32.4205543555799,1
0.285,0.032,7.21590141621384,0.34084974549503,14.3618260171535,1
0.288,0.032,7.15661565026623,0.176908509137163,-4.7416197767024,1
0.291,0.032,7.09249630007789,-0.0258478658861911,-25.1919283715376,1
0.294,0.032,7.01669094916856,-0.273545714777135,-47.1250582235778,1
0.297,0.032,6.92164805341813,-0.571970991968527,-69.4601880889417,1
0.3,0.032,6.80652886808635,-0.926146774605433,-82.5988154038814,4
0.0,0.034,6.0,1.0,1478.58910822125,3
0.003,0.034,6.02668597861086,1.41029512792017,1485.88443711502,1
0.006,0.034,6.07888227120796,1.72595021814939,1492.27144199868,1
0.009,0.034,6.1439215695056,1.94630117113767,1493.79545823906,1
0.012,0.034,6.20781097062043,2.07784435091896,1490.52959608857,1
0.015,0.034,6.25987591162826,2.1321744643785,1483.3096233339,1
0.018,0.034,6.29366609056445,2.12346938989018,1473.11139468192,1
0.021,0.034,6.30659403971238,2.06630077131128,1460.86039582005,1
0.024,0.034,6.29903638725095,1.97410906244267,1447.3513455526,1
0.027,0.034,6.27331113251791,1.85837197671753,1433.21987413465,1
0.03,0.034,6.23277312268211,1.72832520672275,1418.94452664991,1
0.033,0.034,6.1811311178078,1.59104394659241,1404.86489813004,1
0.036,0.034,6.12199616275742,1.45171511330629,1391.20625174978,1
0.039,0.034,6.05862325297016,1.31397871906555,1378.10470531988,1
0.042,0.034,5.99379369674861,1.18026522386844,1365.62986580347,1
0.045,0.034,5.92978920607467,1.05209251100185,1353.80364658181,1
0.048,0.034,5.86841949592588,0.930309790391644,1342.61509486306,1
0.051,0.034,5.81107673611126,0.815288864204145,1332.03161213034,1
0.054,0.034,5.75879985293269,0.707069269266821,1322.00716836457,1
0.057,0.034,5.71233874503204,0.605465755584756,1312.48813932663,1
0.06,0.034,5.67221321496381,0.510146373567696,1303.41733314352,1
0.063,0.034,5.63876437409756,0.420688339512963,1294.73667574148,1
0.066,0.034,5.61219799717512,0.336617491250411,1286.38892506117,1
0.069,0.034,5.59262021843939,0.257435853100787,1278.31869551513,1
0.072,0.034,5.58006638439879,0.182640728121744,1270.47300149859,1
0.075,0.034,5.5745240162095,0.11173785382059,1262.8014719352,1
0.078,0.034,5.57595081843524,0.0442504779751342,1255.25634481628,1
0.081,0.034,5.58428857977726,-0.0202742994319087,1247.79231888077,1
0.084,0.034,5.59947369087956,-0.0822609495050731,1240.36631648322,1
0.087,0.034,5.62144487930224,-0.142102010263247,1232.93719517519,1
0.09,0.034,5.65014864458122,-0.20015516323298,1225.4654338763,1
0.093,0.034,5.68554277219568,-0.256740545675949,1217.91281142356,1
0.096,0.034,5.72759821563515,-0.312138061611307,1210.24208978768,1
0.099,0.034,5.77629956007861,-0.366584536812692,1202.41671061573,1
0.102,0.034,5.83164421819158,-0.420270627788518,1194.40051148876,1
0.105,0.034,5.89364045682234,-0.47333744922057,1186.15746700464,1
0.108,0.034,5.96230431180336,-0.525872933567929,1177.65145925243,1
0.111,0.034,6.03765541597241,-0.577907984356521,1168.84608225248,1
0.114,0.034,6.11971174284075,-0.629412533807448,1159.70448536417,1
0.117,0.034,6.20848325563327,-0.680291667668114,1150.18926140763,1
0.12,0.034,6.30396444996933,-0.730382036148371,1140.2623862165,1
0.123,0.034,6.40612579016861,-0.779448829326377,1129.88521744162,1
0.126,0.034,6.51490406653827,-0.82718365647415,1119.01856154747,1
0.129,0.034,6.63019174685308,-0.873203727939401,1107.62281893859,1
0.132,0.034,6.75182546235035,-0.917052789914784,1095.65821783048,1
0.135,0.034,6.87957385901781,-0.958204298661457,1083.08514759247,1
0.138,0.034,7.01312515924848,-0.996067331067739,1069.86460153217,1
0.141,0.034,7.15207491475582,-1.02999570009531,1055.95873710557,1
0.144,0.034,7.29591458240842,-1.05930066255269,1041.33155793577,1
0.147,0.034,7.44402170800934,-1.08326745886723,1025.94971643807,1
0.15,0.034,7.59565263969984,-1.10117569926587,1009.78342800138,1
0.153,0.034,7.74993878600685,-1.1123233041096,992.807477489185,1
0.156,0.034,7.90588745096743,-1.11605332582292,975.002286559519,1
0.159,0.034,8.06238818530108,-1.11178255019207,956.354996713961,1
0.162,0.034,8.21822535753554,-1.09903034007919,936.86050944938,1
0.165,0.034,8.37209725513547,-1.07744580937117,916.522413461912,1
0.168,0.034,8.52264148012993,-1.04683117883047,895.353722184258,1
0.171,0.034,8.66846574729654,-1.00715915080223,873.377345908638,1
0.174,0.034,8.80818250430172,-0.958582412548616,850.626233847488,1
0.177,0.034,8.94044518345648,-0.901433965345436,827.143143920417,1
0.18,0.034,9.06398349009427,-0.836217846031808,802.980030837299,1
0.183,0.034,9.17763504591763,-0.763590858229426,778.197082401529,1
0.186,0.034,9.28037100381852,-0.684337000507995,752.861473528377,1
0.189,0.034,9.37131392752377,-0.599337175886713,727.045939533138,1
0.192,0.034,9.44974719592232,-0.509537311895496,700.827287727376,1
0.195,0.034,9.51511628947748,-0.415918093118192,674.284965034781,1
0.198,0.034,9.5670233509109,-0.319469081234842,647.499779198934,1
0.201,0.034,9.60521720024945,-0.22116914418347,620.552836448139,1
0.204,0.034,9.6295813918349,-0.121973991526713,593.524716356898,1
0.207,0.034,9.64012287025715,-0.0228104181098462,566.494863107525,1
0.21,0.034,9.63696333633202,0.0754242037933994,539.541138380469,1
0.213,0.034,9.62033466475626,0.171859402137378,512.739459467383,1
0.216,0.034,9.59057876031178,0.2656486127793,486.163439167435,1
0.219,0.034,9.54815126014367,0.355968158188693,459.883951543074,1
0.222,0.034,9.49362764516775,0.442020083948321,433.968567659114,1
0.225,0.034,9.42770975031387,0.523039842194036,408.480834290815,1
0.228,0.034,9.35123045343102,0.598308715447823,383.479401090844,1
0.231,0.034,9.26515450704976,0.667169758424941,359.017031698949,1
0.234,0.034,9.17057401483025,0.729045079767879,335.139555561753,1
0.237,0.034,9.06869783548412,0.783451637824107,311.884824894161,1
0.24,0.034,8.96083506119199,0.830012467322506,289.281732988505,1
0.243,0.034,8.84837348692294,0.868460387520966,267.349327089714,1
0.246,0.034,8.73275450182961,0.898631689442381,246.096015585391,1
0.249,0.034,8.61544598183167,0.920447931015127,225.518831561666,1
0.252,0.034,8.49791449201283,0.933884644838616,205.602679505754,1
0.255,0.034,8.38159742245758,0.938926378446853,186.31946493877,1
0.258,0.034,8.26787462374736,0.93550800667395,167.626992701417,1
0.261,0.034,8.15803774087442,0.923442739804221,149.467522525,1
0.264,0.034,8.05325384461166,0.90233786303843,131.765894891835,1
0.267,0.034,7.95451824164687,0.871500242849317,114.427191964444,1
0.27,0.034,7.86258971512834,0.829835350205729,97.3339850668572,1
0.273,0.034,7.77790029151326,0.775746292804724,80.3433494199546,1
0.276,0.034,7.70043160792907,0.707043256451583,63.2840024706175,1
0.279,0.034,7.6295520315815,0.620878513472541,45.9541396931567,1
0.282,0.034,7.56381397455442,0.513726621864598,28.1207963981529,1
0.285,0.034,7.50072022145583,0.381431349018153,9.52197700796308,1
0.288,0.034,7.43648222231613,0.219336989509657,-10.1253899689423,1
0.291,0.034,7.36581887545415,0.0225091243752006,-31.0958252839449,1
0.294,0.034,7.28194498560441,-0.213971608993856,-53.4956506997823,1
0.297,0.034,7.17755775959022,-0.494682304134787,-76.2066102041628,1
0.3,0.034,7.05229824688586,-0.823535403547658,-89.5141617088229,4
0.0,0.036,6.0,1.0,1458.2166213629,3
0.003,0.036,6.02482691071019,1.3850471270795,1465.16196212084,1
0.006,0.036,6.0745032785963,1.68607092032933,1471.69607882524,1
0.009,0.036,6.1384577950531,1.90179416808872,1474.09749537771,1
0.012,0.036,6.20439070100478,2.03684316819283,1472.30153515334,1
0.015,0.036,6.26243792621021,2.10029992453084,1466.93300209484,1
0.018,0.036,6.30610798003245,2.10379649300685,1458.76535624779,1
0.021,0.036,6.33216871308706,2.05974639474802,1448.56108286814,1
0.024,0.036,6.34004788679835,1.98001144549348,1436.99975973751,1
0.027,0.036,6.33106087566224,1.87508045003455,1424.64623872876,1
0.03,0.036,6.30766874992225,1.75369513794053,1411.94383450024,1
0.033,0.036,6.2728735427429,1.62279876448237,1399.22249759123,1
0.036,0.036,6.22978323613178,1.48768010562481,1386.71451794334,1
0.039,0.036,6.18133400935377,1.3522113834121,1374.57269890308,1
0.042,0.036,6.13013735053219,1.21911165302889,1362.88796501076,1
0.045,0.036,6.07841599222144,1.09019601115331,1351.70485657402,1
0.048,0.036,6.02799724990608,0.966591808618444,1341.03434055375,1
0.051,0.036,5.98033976859751,0.848916145105597,1330.86393766532,1
0.054,0.036,5.93657697403739,0.737416127519176,1321.16545265653,1
0.057,0.036,5.89756647158419,0.632076684256857,1311.90070373068,1
0.06,0.036,5.86393899455588,0.532701741902059,1303.02565555195,1
0.063,0.036,5.8361434658447,0.43897438238357,1294.49331942342,1
0.066,0.036,5.8144866259594,0.350500879475725,1286.25572486606,1
0.069,0.036,5.79916681183473,0.266842639265234,1278.2652057026,1
0.072,0.036,5.79030209750431,0.187539228129738,1270.4751888141,1
0.075,0.036,5.78795331549535,0.112124943252822,1262.84062787314,1
0.078,0.036,5.79214259364471,0.0401407859040951,1255.31818779813,1
0.081,0.036,5.80286804891223,-0.0288567702796222,1247.86625743493,1
0.084,0.036,5.82011522962202,-0.095289183220617,1240.44484665974,1
0.087,0.036,5.8438658216024,-0.159550657601839,1233.01540830122,1
0.09,0.036,5.874104049791,-0.222003814356467,1225.54061375476,1
0.093,0.036,5.91082112462498,-0.28297581035456,1217.98410288565,1
0.096,0.036,5.95401800660531,-0.342754619826043,1210.31022298457,1
0.099,0.036,6.0037066946628,-0.401585278396166,1202.48376753634,1
0.102,0.036,6.05991018475532,-0.459665962278952,1194.4697229336,1
0.105,0.036,6.12266119425438,-0.517143835928466,1186.23302967902,1
0.108,0.036,6.19199970479824,-0.57411065657001,1177.73836383258,1
0.111,0.036,6.2679693412913,-0.630598177637596,1168.94994430238,1
0.114,0.036,6.35061257796482,-0.686573448360486,1159.83137192477,1
0.117,0.036,6.43996474485108,-0.741934165780883,1150.34550703564,1
0.12,0.036,6.53604680135338,-0.796504299578744,1140.45439331419,1
0.123,0.036,6.63885685029457,-0.850030279294213,1130.119236995,1
0.126,0.036,6.74836038912637,-0.902178106462063,1119.30045197941,1
0.129,0.036,6.86447933870606,-0.952531827491175,1107.95778278267,1
0.132,0.036,6.98707995825781,-1.00059387111731,1096.05051841964,1
0.135,0.036,7.11595985148063,-1.04578780830751,1083.53781097711,1
0.138,0.036,7.25083439545924,-1.0874641207146,1070.3791123812,1
0.141,0.036,7.39132308040437,-1.12490955102126,1056.53474129808,1
0.144,0.036,7.53693642886486,-1.15736053702226,1041.96658869533,1
0.147,0.036,7.68706435560836,-1.1840210824095,1026.63896481594,1
0.15,0.036,7.8409670127016,-1.20408517447868,1010.51958172037,1
0.153,0.036,7.99776930728071,-1.21676351282102,993.580653878713,1
0.156,0.036,8.15646034162836,-1.22131386709476,975.800084669802,1
0.159,0.036,8.31589896038002,-1.21707385984309,957.162689787282,1
0.162,0.036,8.47482635392606,-1.20349442166999,937.661390995954,1
0.165,0.036,8.63188623024797,-1.18017166877666,917.298297910212,1
0.168,0.036,8.7856524281758,-1.14687460839179,896.085584875018,1
0.171,0.036,8.93466304515998,-1.10356599682954,874.046068557237,1
0.174,0.036,9.07745928541472,-1.05041395334602,851.213403180162,1
0.177,0.036,9.21262644053102,-0.987792619345603,827.631836651476,1
0.18,0.036,9.33883386161573,-0.916271218388466,803.355511462425,1
0.183,0.036,9.45487062564511,-0.836592195432515,778.447344601253,1
0.186,0.036,9.55967393752147,-0.749640485523394,752.97757242419,1
0.189,0.036,9.65234814471555,-0.6564071267168,727.022088828934,1
0.192,0.036,9.73217346136607,-0.557951146838765,700.660728240812,1
0.195,0.036,9.79860489499656,-0.455363755283112,673.975642840614,1
0.198,0.036,9.85126318488551,-0.349738321651587,647.049896155422,1
0.201,0.036,9.88992055428977,-0.242148521331954,619.966348635552,1
0.204,0.036,9.91448457736985,-0.133635581713365,592.806855130035,1
0.207,0.036,9.92498339671153,-0.0252040354239999,565.651740119359,1
0.21,0.036,9.92155493538828,0.082175959428807,538.579473251521,1
0.213,0.036,9.90444175104399,0.187562624013102,511.66644102487,1
0.216,0.036,9.87399195627337,0.290036200292425,484.986702857124,1
0.219,0.036,9.83066538167036,0.388695377319406,458.611630923812,1
0.222,0.036,9.77504308421828,0.48265893843183,432.609360424724,1
0.225,0.036,9.70783757508159,0.5710739218899,407.044015736085,1
0.228,0.036,9.62990087530541,0.653130196946753,381.974721735684,1
0.231,0.036,9.54222774691909,0.728079949147975,357.454450482798,1
0.234,0.036,9.44595213968042,0.795259378989891,333.528783115874,1
0.237,0.036,9.34233589835267,0.854109142548143,310.234678616395,1
0.24,0.036,9.23274988332317,0.9041898116016,287.599331931304,1
0.243,0.036,9.11864863731837,0.945188903310795,265.639175641619,1
0.246,0.036,9.00154038071028,0.976916718955331,244.359038180524,1
0.249,0.036,8.88295430578681,0.99928916162475,223.75142643484,1
0.252,0.036,8.76440682354358,1.01229668507505,203.795860460373,1
0.255,0.036,8.64736763312635,1.01595941557291,184.458160257641,1
0.258,0.036,8.53322532757185,1.01026922771098,165.689573847739,1
0.261,0.036,8.4232508416868,0.995120192421014,147.425645072941,1
0.264,0.036,8.31855552550446,0.970229501218795,129.584750706894,1
0.267,0.036,8.22003915363725,0.93505193122597,112.066291984782,1
0.27,0.036,8.12832198783274,0.888692401244578,94.74860833594,1
0.273,0.036,8.04365445182435,0.829823366886207,77.486792657058,1
0.276,0.036,7.96579857568625,0.75661669386947,60.1107254894848,1
0.279,0.036,7.89387778074229,0.666702810745026,42.4238004060298,1
0.282,0.036,7.82619643135591,0.557172341031721,24.2029801770549,1
0.285,0.036,7.76003819130624,0.424635326350574,5.20113837254759,1
0.288,0.036,7.69146301608993,0.265348467075396,-14.8456001278628,1
0.291,0.036,7.61514392911317,0.0754099816166179,-36.18988634423,1
0.294,0.036,7.52438255778413,-0.148994606569704,-58.9155259524686,1
0.297,0.036,7.41210605330695,-0.411329167420974,-81.8781258393183,1
0.3,0.036,7.27835200934347,-0.714462567070106,-95.2906056371541,4
0.0,0.038,6.0,1.0,1440.03496285065,3
0.003,0.038,6.02322276289381,1.36128762681241,1446.65828932141,1
0.006,0.038,6.07060135149335,1.64759648652739,1453.24911779163,1
0.009,0.038,6.13327366803583,1.85728917672747,1456.3033885942,1
0.012,0.038,6.2004087913879,1.99361671895078,1455.6649656799,1
0.015,0.038,6.26295316454257,2.06369952028615,1451.80137081075,1
0.018,0.038,6.31454406379253,2.07708125014226,1445.32706754785,1
0.021,0.038,6.35155137274161,2.04430880159485,1436.86956932759,1
0.024,0.038,6.37269499152042,1.97578919081439,1427.00705280088,1
0.027,0.038,6.37847334762627,1.8810177001087,1416.2366622191,1
0.03,0.038,6.3705674874804,1.76815991264822,1404.96284866067,1
0.033,0.038,6.35132038800866,1.64391160186071,1393.49885723799,1
0.036,0.038,6.32333489546062,1.51354497173494,1382.07581020541,1
0.039,0.038,6.2891947141561,1.38106011889923,1370.85526198101,1
0.042,0.038,6.25129164396579,1.2493813485158,1359.9424915365,1
0.045,0.038,6.21173443084688,1.12055925730864,1349.39893362437,1
0.048,0.038,6.17231481071547,0.995956702105916,1339.25296839579,1
0.051,0.038,6.13451031227854,0.876408787353356,1329.50881868969,1
0.054,0.038,6.09950841651236,0.762354453817323,1320.15361125154,1
0.057,0.038,6.06824133715128,0.653941324974671,1311.1628110052,1
0.06,0.038,6.0414244382119,0.551107324989512,1302.50429338603,1
0.063,0.038,6.01959406396391,0.453643122595463,1294.14132041869,1
0.066,0.038,6.00314245700666,0.361239294659269,1286.03465943744,1
0.069,0.038,5.99234867669997,0.27352162568929,1278.14404602497,1
0.072,0.038,5.98740519018145,0.190077384822567,1270.42915431113,1
0.075,0.038,5.98844024389267,0.110474863806984,1262.8502028611,1
0.078,0.038,5.9955363483681,0.034277968880402,1255.36829480139,1
0.081,0.038,6.00874530262524,-0.0389427481937962,1247.9455668517,1
0.084,0.038,6.02810020026145,-0.109601561614465,1240.54520307753,1
0.087,0.038,6.05362483182108,-0.178090743601239,1233.13135469283,1
0.09,0.038,6.08534084863203,-0.244774833474582,1225.66899631889,1
0.093,0.038,6.12327299497118,-0.309985553060142,1218.12374101169,1
0.096,0.038,6.16745265541843,-0.37401703610177,1210.46163048655,1
0.099,0.038,6.21791990650156,-0.437121132693584,1202.64891280156,1
0.102,0.038,6.27472420812737,-0.499502625817907,1194.65181692662,1
0.105,0.038,6.33792382169441,-0.561314262310161,1186.43633183655,1
0.108,0.038,6.40758399862181,-0.622651560213548,1177.96799681388,1
0.111,0.038,6.48377394574972,-0.683547412829416,1169.21170937952,1
0.114,0.038,6.56656254344159,-0.743966570278456,1160.13155757841,1
0.117,0.038,6.65601276958917,-0.803800144727006,1150.6906841502,1
0.12,0.038,6.75217477020355,-0.862860357371981,1140.8511913405,1
0.123,0.038,6.85507751789716,-0.920875824465704,1130.57409667727,1
0.126,0.038,6.96471901733419,-0.977487765243143,1119.81935184551,1
0.129,0.038,7.08105505657211,-1.0322476036927,1108.54593869059,1
0.132,0.038,7.20398657068112,-1.08461652307741,1096.71205814716,1
0.135,0.038,7.3333457846552,-1.13396760789717,1084.27542921374,1
0.138,0.038,7.46888144086854,-1.17959125938267,1071.19371555159,1
0.141,0.038,7.61024359385535,-1.22070457993675,1057.42509633694,1
0.144,0.038,7.75696866857209,-1.25646536734218,1042.92899498833,1
0.147,0.038,7.90846571615009,-1.28599121657234,1027.66697360914,1
0.15,0.038,8.0640050411199,-1.30838397190719,1011.60379173861,1
0.153,0.038,8.22271058054898,-1.32275938727535,994.708614783909,1
0.156,0.038,8.38355753917156,-1.32828133503349,976.956340208612,1
0.159,0.038,8.54537676567114,-1.32419927329288,958.328988781689,1
0.162,0.038,8.70686713223615,-1.30988699309075,938.817085577401,1
0.165,0.038,8.86661670378288,-1.28488001158234,918.420933898211,1
0.168,0.038,9.02313273938096,-1.24890848427525,897.151669177625,1
0.171,0.038,9.1748795954682,-1.20192232634791,875.031974539425,1
0.174,0.038,9.32032250709412,-1.1441054971397,852.096350417906,1
0.177,0.038,9.4579741873167,-1.07587719498242,828.390861222492,1
0.18,0.038,9.58644042782901,-0.997879013941182,803.972332481047,1
0.183,0.038,9.70446062186959,-0.910948783491693,778.907036794213,1
0.186,0.038,9.8109395083672,-0.816083577562143,753.268975149413,1
0.189,0.038,9.90496746921452,-0.71439589840691,727.137916925563,1
0.192,0.038,9.9858282582644,-0.607067983310986,700.597393139665,1
0.195,0.038,10.0529948254142,-0.495309323986263,673.732834512252,1
0.198,0.038,10.1061155793883,-0.380321778354415,646.630008834254,1
0.201,0.038,10.1449946880661,-0.263275227492156,619.373849597399,1
0.204,0.038,10.1695706246593,-0.145294866927132,592.047693974779,1
0.207,0.038,10.1798970515416,-0.0274592695018597,564.732877840033,1
0.21,0.038,10.1761293496588,0.0891933469586678,537.508580386781,1
0.213,0.038,10.1585188150652,0.203654404433689,510.451778095843,1
0.216,0.038,10.1274149831718,0.314934071239378,483.63715981223,1
0.219,0.038,10.0832749578399,0.42205423584229,457.136870667135,1
0.222,0.038,10.0266772625551,0.524048481013391,431.019989184205,1
0.225,0.038,9.95833680801889,0.619970735514012,405.351693578341,1
0.228,0.038,9.87911723631719,0.708912513587654,380.192131959638,1
0.231,0.038,9.79003721433771,0.790026868634936,355.5950665828,1
0.234,0.038,9.69226814757813,0.862555695790139,331.606403241021,1
0.237,0.038,9.58712208761104,0.925856078904411,308.262734065571,1
0.24,0.038,9.47603003902671,0.979421137907073,285.5900110437,1
0.243,0.038,9.36051213175124,1.02289128837901,263.602431140653,1
0.246,0.038,9.24214195300067,1.056052826552,242.301561069603,1
0.249,0.038,9.1225075732654,1.07882205575538,221.675673093076,1
0.252,0.038,9.00317142320509,1.09121451445395,201.699215035288,1
0.255,0.038,8.88563026664383,1.0933000518736,182.332306892844,1
0.258,0.038,8.77127522567686,1.08514543658849,163.520147652352,1
0.261,0.038,8.66135033408323,1.06674691413486,145.192230216681,1
0.264,0.038,8.55690661556125,1.03795579631222,127.261298932443,1
0.267,0.038,8.45874739967147,0.998400973729371,109.622041941524,1
0.27,0.038,8.36735972825058,0.947413396708578,92.1495882621485,1
0.273,0.038,8.28282656316284,0.883959177924038,74.6979747963916,1
0.276,0.038,8.20471545873811,0.80658993692314,57.0988554418574,1
0.279,0.038,8.13194181624134,0.713420900433212,39.160832199793,1
0.282,0.038,8.06260908292823,0.60214822932851,20.6698957980349,1
0.285,0.038,7.99383431133847,0.470115805516066,1.39172120057559,1
0.288,0.038,7.92157577661418,0.314436945558355,-18.9216962355593,1
0.291,0.038,7.84049782294346,0.132167496334208,-40.5055585613048,1
0.294,0.038,7.74400426586844,-0.0794856555589981,-63.4266102698005,1
0.297,0.038,7.62523766147037,-0.322949551541919,-86.5240232535001,1
0.3,0.038,7.48456130662936,-0.600102377371048,-99.9802825940407,4
0.0,0.04,6.0,1.0,1423.72526077009,3
0.003,0.04,6.02183286196798,1.3388373277888,1430.05515612456,1
0.006,0.04,6.06712848433714,1.61046734438817,1436.64369574411,1
0.009,0.04,6.12842651539775,1.81305860552692,1440.18544646677,1
0.012,0.04,6.19616424027062,1.94884722899774,1440.46413189217,1
0.015,0.04,6.26206410100164,2.02341857523827,1437.8294688275,1
0.018,0.04,6.31999614644671,2.04460698193549,1432.77104610216,1
0.021,0.04,6.36611237868694,2.02135928284684,1425.80540271851,1
0.024,0.04,6.39861856153636,1.96276731170723,1417.42291432648,1
0.027,0.04,6.41736010082187,1.87736524604294,1408.05816555552,1
0.03,0.04,6.42335187652438,1.77270193159743,1398.07605524144,1
0.033,0.04,6.41833963331972,1.65514602097459,1387.76901168081,1
0.036,0.04,6.40443949084826,1.52986075347392,1377.36130998884,1
0.039,0.04,6.38387018416949,1.40088580518699,1367.01725295344,1
0.042,0.04,6.35877255512724,1.27127527861967,1356.85087766523,1
0.045,0.04,6.33110104512406,1.14325569771613,1346.93567719179,1
0.048,0.04,6.30256928154466,1.01838135331415,1337.31347861314,1
0.051,0.04,6.27463319589975,0.897674714037147,1328.00207940409,1
0.054,0.04,6.24849817789189,0.78174669850297,1319.00153941667,1
0.057,0.04,6.22514016839308,0.670895953760081,1310.29919563682,1
0.06,0.04,6.20533363072019,0.565188654024035,1301.87355055844,1
0.063,0.04,6.1896817597151,0.464521404624412,1293.69721425372,1
0.066,0.04,6.17864607675884,0.368670129114227,1285.73907819162,1
0.069,0.04,6.17257380626958,0.277327690033857,1277.96588105684,1
0.072,0.04,6.17172225590216,0.19013267168746,1270.34330283637,1
0.075,0.04,6.17627994261964,0.106691368589078,1262.83669872666,1
0.078,0.04,6.18638451372212,0.0265946465852974,1255.41156174941,1
0.081,0.04,6.20213767673594,-0.0505689920311395,1248.03378350276,1
0.084,0.04,6.22361742564161,-0.125203091590225,1240.66976646006,1
0.087,0.04,6.25088786820871,-0.197694858025358,1233.28642844232,1
0.09,0.04,6.28400694340941,-0.268408074858772,1225.8511299172,1
0.093,0.04,6.32303228388233,-0.337676836260035,1218.33154715671,1
0.096,0.04,6.36802543544399,-0.405799729923304,1210.69550858363,1
0.099,0.04,6.41905459920587,-0.473034196439965,1202.9108074826,1
0.102,0.04,6.47619601512255,-0.539590869740153,1194.9450013447,1
0.105,0.04,6.53953406057384,-0.605627770880084,1186.76520622286,1
0.108,0.04,6.60916009498752,-0.671244290012143,1178.33789342695,1
0.111,0.04,6.68517004247451,-0.736474953153711,1169.62869555952,1
0.114,0.04,6.76766067011569,-0.801283035111959,1160.60222920044,1
0.117,0.04,6.85672449158086,-0.865554150741303,1151.22194242887,1
0.12,0.04,6.95244320665976,-0.929090035976829,1141.44999677343,1
0.123,0.04,7.05487958058889,-0.991602819157357,1131.24719504625,1
0.126,0.04,7.16406767754619,-1.05271018192453,1120.57296875596,1
0.129,0.04,7.28000139643566,-1.111931915248,1109.38544127114,1
0.132,0.04,7.40262132129138,-1.16868848469775,1097.64158539559,1
0.135,0.04,7.53180000107064,-1.22230232077448,1085.29749618941,1
0.138,0.04,7.66732592152892,-1.27200263065325,1072.30880124662,1
0.141,0.04,7.80888663013305,-1.31693456689849,1058.63123057996,1
0.144,0.04,7.95605172325204,-1.35617356025889,1044.22136595515,1
0.147,0.04,8.10825669396219,-1.3887454962578,1029.03758401393,1
0.15,0.04,8.26478894632991,-1.41365315599099,1013.04119783723,1
0.153,0.04,8.42477756843083,-1.42990892199978,996.197786865091,1
0.156,0.04,8.58718866276653,-1.43657315646265,978.478684856692,1
0.159,0.04,8.75082808310476,-1.43279690485263,959.862570189942,1
0.162,0.04,8.91435323687219,-1.41786671872517,940.337073891552,1
0.165,0.04,9.07629510766792,-1.39124853370511,919.900291727316,1
0.168,0.04,9.23509079542717,-1.35262684332855,898.562062851562,1
0.171,0.04,9.38912569216881,-1.3019350729454,876.344866056345,1
0.174,0.04,9.53678303240958,-1.23937327469321,853.284193340068,1
0.177,0.04,9.67649720181692,-1.1654101670602,829.428295468963,1
0.18,0.04,9.8068061497627,-1.08076813518232,804.837256841131,1
0.183,0.04,9.92639783098344,-0.986391919237317,779.581441070816,1
0.186,0.04,10.0341460116572,-0.883404000007971,753.739439548216,1
0.189,0.04,10.1291320547182,-0.773051682523925,727.395732165837,1
0.192,0.04,10.2106512694175,-0.656652127985268,700.638312122727,1
0.195,0.04,10.2782047029361,-0.535541781633575,673.556522676428,1
0.198,0.04,10.3314794061815,-0.411035720776432,646.239303101151,1
0.201,0.04,10.3703217954863,-0.284400591485707,618.773956634776,1
0.204,0.04,10.3947094737389,-0.156842396386389,591.245454922406,1
0.207,0.04,10.4047266799635,-0.0295079017078114,563.73620174663,1
0.21,0.04,10.4005474994945,0.0965037192968202,536.326108893419,1
0.213,0.04,10.3824293110738,0.220123871053482,509.092796979484,1
0.216,0.04,10.3507169636384,0.340297632380145,482.111726075629,1
0.219,0.04,10.3058561754699,0.455972145379332,455.456083257084,1
0.222,0.04,10.2484129323469,0.566094310900453,429.196302675675,1
0.225,0.04,10.1790944944813,0.669619954620681,403.399161919757,1
0.228,0.04,10.0987672008169,0.765534380928787,378.126476606865,1
0.231,0.04,10.0084666676077,0.852881963483034,353.433490027816,1
0.234,0.04,9.9093971470774,0.93080053712276,329.367110919409,1
0.237,0.04,9.80291850801024,0.998555204198292,305.964176773667,1
0.24,0.04,9.69052116343489,1.05556594773314,283.249906111092,1
0.243,0.04,9.57379090000686,1.10142414371721,261.236654576125,1
0.246,0.04,9.45436662218508,1.13589447231166,239.923019665816,1
0.249,0.04,9.33389432297355,1.15890050081788,219.2932653269,1
0.252,0.04,9.21398012300539,1.17049398998818,199.316977330005,1
0.255,0.04,9.09614412635589,1.17080948641107,179.948824358448,1
0.258,0.04,8.98177536143228,1.16000688347718,161.128292235395,1
0.261,0.04,8.87208647010519,1.13820539564032,142.779278238621,1
0.264,0.04,8.76806532051681,1.1054129492292,124.809474774031,1
0.267,0.04,8.67041956293955,1.0614555564486,107.109531976018,1
0.27,0.04,8.57950952779555,1.00591199196864,89.5520625063923,1
0.273,0.04,8.49526500027749,0.938060109517924,71.9906338363999,1
0.276,0.04,8.41708253631066,0.856842299722666,54.2589761276226,1
0.279,0.04,8.34370232004102,0.760858510269331,36.170707279537,1
0.282,0.04,8.27306717429177,0.648395239383754,17.5199451452,1
0.285,0.04,8.20217109902405,0.517497081755988,-1.91659662726376,1
0.288,0.04,8.12691115208683,0.366082934035416,-22.3736938041316,1
0.291,0.04,8.0419730579018,0.192101582772654,-44.0724763842237,1
0.294,0.04,7.94087593156074,-0.0062882016317411,-67.066840848566,1
0.297,0.04,7.81696733305067,-0.230538802128948,-90.1880473110781,1
0.3,0.04,7.67087560819288,-0.481580152030983,-103.629182132507,4
0.0,0.042,6.0,1.0,1409.03134541946,3
0.003,0.042,6.02062334922765,1.31754044128083,1415.09529708518,1
0.006,0.042,6.06403659736062,1.57460505303021,1421.643526445,1
0.009,0.042,6.12393574801075,1.76927721563472,1425.54997463115,1
0.012,0.042,6.19185079228285,1.90304215291295,1426.5594751655,1
0.015,0.042,6.26022773924441,1.98028055405776,1424.93305116255,1
0.018,0.042,6.32322821443729,2.00742870546446,1421.06208438326,1
0.021,0.042,6.37691521174644,1.99207011085639,1415.37224548472,1
0.024,0.042,6.41913300027672,1.94212367667936,1408.2787533047,1
0.027,0.042,6.44921416206032,1.86521763138957,1400.15971837424,1
0.03,0.042,6.46761458894106,1.76827392286669,1391.34166920117,1
0.033,0.042,6.47555055760941,1.65728369726605,1382.09422019842,1
0.036,0.042,6.47468298148353,1.53723224458599,1372.63107111059,1
0.039,0.042,6.46686880133802,1.41212671434579,1363.1148716355,1
0.042,0.042,6.45398175153463,1.28508511872053,1353.66402810209,1
0.045,0.042,6.43779455381952,1.15845472576875,1344.36010363523,1
0.048,0.042,6.41991027905793,1.03393799224734,1335.25496126988,1
0.051,0.042,6.4017300892767,0.912712701403139,1326.37718090889,1
0.054,0.042,6.38444605045842,0.795539309093126,1317.7375464904,1
0.057,0.042,6.36904995976171,0.682852764164544,1309.333568514,1
0.06,0.042,6.3563514370073,0.574838671300142,1301.15310360456,1
0.063,0.042,6.34700053928733,0.471495077989743,1293.17717974834,1
0.066,0.042,6.34151175119156,0.372681800399808,1285.38215137577,1
0.069,0.042,6.3402873875332,0.278159364281147,1277.7413057911,1
0.072,0.042,6.34363928134078,0.187619539464633,1270.22603045283,1
0.075,0.042,6.35180819294539,0.100709226261144,1262.80663487476,1
0.078,0.042,6.36498073733556,0.0170491905780212,1255.45290469054,1
0.081,0.042,6.38330384545328,-0.0637511135063689,1248.13445041418,1
0.084,0.042,6.40689689601349,-0.142081627933974,1240.82090038514,1
0.087,0.042,6.43586171078596,-0.218321875684243,1233.48197651287,1
0.09,0.042,6.47029062127216,-0.292832606928902,1226.08748263962,1
0.093,0.042,6.51027280408029,-0.365948402687317,1218.60722840181,1
0.096,0.042,6.55589905640661,-0.43797084324752,1211.01090612693,1
0.099,0.042,6.60726514848716,-0.509161939908798,1203.26793430437,1
0.102,0.042,6.66447385080651,-0.579737605724464,1195.34727829913,1
0.105,0.042,6.72763569278887,-0.649861008986469,1187.21725706382,1
0.108,0.042,6.79686846831657,-0.719635716910782,1178.84534351821,1
0.111,0.042,6.87229546304986,-0.789098600686811,1170.19796591709,1
0.114,0.042,6.95404234058079,-0.858212540713065,1161.24031786064,1
0.117,0.042,7.0422325908545,-0.926859046021542,1151.9361855807,1
0.12,0.042,7.13698141779855,-0.994830987623466,1142.24780273855,1
0.123,0.042,7.23838792768657,-1.06182574398993,1132.13574516302,1
0.126,0.042,7.34652548091676,-1.12743916899011,1121.55888068197,1
0.129,0.042,7.46143009483057,-1.19116091714315,1110.47439234093,1
0.132,0.042,7.5830868428898,-1.25237179365612,1098.83789665028,1
0.135,0.042,7.71141429628134,-1.31034392858691,1086.60368171685,1
0.138,0.042,7.84624720846434,-1.36424469070829,1073.72509267638,1
0.141,0.042,7.98731786032303,-1.41314533482811,1060.15509300963,1
0.144,0.042,8.13423676760232,-1.45603538550187,1045.84702911311,1
0.147,0.042,8.28647379788601,-1.49184366121357,1030.75562068788,1
0.15,0.042,8.44334113090132,-1.51946659196237,1014.83818974133,1
0.153,0.042,8.60397988121353,-1.53780403712811,998.056124932364,1
0.156,0.042,8.76735251791909,-1.54580214022911,980.376554660413,1
0.159,0.042,8.93224336681483,-1.54250186384201,961.774171597158,1
0.162,0.042,9.09726935381077,-1.52709078330128,942.233114717137,1
0.165,0.042,9.26090263416399,-1.49895460267545,921.748776012495,1
0.168,0.042,9.42150577839877,-1.45772388833585,900.32936456267,1
0.171,0.042,9.57737876285428,-1.40331095326829,877.997039920444,1
0.174,0.042,9.72681527493515,-1.33593194274954,854.788430969536,1
0.177,0.042,9.86816406658414,-1.25611017715278,830.754395308255,1
0.18,0.042,9.99988966429398,-1.16465874585343,805.95895176556,1
0.183,0.042,10.1206260876099,-1.06264302193421,780.477428187239,1
0.186,0.042,10.2292176543981,-0.951326730171749,754.393988650908,1
0.189,0.042,10.3247425389955,-0.832107827568849,727.798809692256,1
0.192,0.042,10.4065172720983,-0.706452120713792,700.785234398764,1
0.195,0.042,10.4740833326974,-0.575832817647037,673.447227881175,1
0.198,0.042,10.5271797560828,-0.441683001850824,645.87738810611,1
0.201,0.042,10.565707697382,-0.305365590546148,618.16565122238,1
0.204,0.042,10.5896937857239,-0.168162225281356,590.398699303362,1
0.207,0.042,10.5992587905115,-0.0312793569706213,562.659958962386,1
0.21,0.042,10.5945967494393,0.104132918500266,535.029991027744,1
0.213,0.042,10.5759675826638,0.236955549948193,507.587023236365,1
0.216,0.042,10.5437037091343,0.366075762817521,480.4073705967,1
0.219,0.042,10.4982286677788,0.490369441424007,453.565518503688,1
0.222,0.042,10.4400835889649,0.608695787546157,427.133706954886,1
0.225,0.042,10.3699558869176,0.719907036442359,401.180943298527,1
0.228,0.042,10.288704008154,0.822873153812333,375.771474550983,1
0.231,0.042,10.1973725997397,0.91651854243569,350.962851362189,1
0.234,0.042,10.0971939824319,0.999865388948653,326.803793007846,1
0.237,0.042,9.98957403029786,1.07207685069207,303.332096953815,1
0.24,0.042,9.87606299277116,1.13249309114662,280.572817799781,1
0.243,0.042,9.75831390971569,1.18065420064085,258.536873927079,1
0.246,0.042,9.63803261994701,1.21630598231896,237.220145066745,1
0.249,0.042,9.5169237177078,1.23938695948878,216.603026136912,1
0.252,0.042,9.39663619331549,1.24999727050623,196.650325277234,1
0.255,0.042,9.27871113561291,1.24835199181367,177.311350873209,1
0.258,0.042,9.16453211699341,1.23472270725578,158.52002651475,1
0.261,0.042,9.05527707782763,1.20937186681414,140.194899250396,1
0.264,0.042,8.95186897116692,1.17248483758706,122.238956525056,1
0.267,0.042,8.85492134189551,1.12410478277338,104.539232002344,1
0.27,0.042,8.76467456230859,1.06407580777956,86.9662525001677,1
0.273,0.042,8.68091876506552,0.992000261465935,69.3734506425071,1
0.276,0.042,8.6029007203168,0.907216565512592,51.5967328187428,1
0.279,0.042,8.52921405675395,0.808804137520555,33.4544414193512,1
0.282,0.042,8.45767526010528,0.695621344227,14.7479938280301,1
0.285,0.042,8.38519162464588,0.566380346913663,-4.73630895583747,1
0.288,0.042,8.30763244084912,0.419758690679445,-25.2220703743227,1
0.291,0.042,8.21972998092928,0.254541483504089,-46.9188984097877,1
0.294,0.042,8.11513082686419,0.0697804439901511,-69.8711078428693,1
0.297,0.042,7.98738110424964,-0.135053858449973,-92.909678043575,1
0.3,0.042,7.83732210637972,-0.359977891338791,-106.278535561424,4
0.0,0.044,6.0,1.0,1395.74510270397,3
0.003,0.044,6.01956616703825,1.29726210291428,1401.56868725574,1
0.006,0.044,6.06128055729207,1.53992327698011,1408.05268460686,1
0.009,0.044,6.11979871873607,1.72605255944406,1412.23198918645,1
0.012,0.044,6.18759183078665,1.85657884599361,1413.82699876609,1
0.015,0.044,6.25776930414797,1.9349345669228,1413.03159438133,1
0.018,0.044,6.32481269938682,1.96641221434882,1410.15973376952,1
0.021,0.044,6.38478622705126,1.9574381892401,1405.56283153982,1
0.024,0.044,6.43529095786905,1.91489544309925,1399.59226891878,1
0.027,0.044,6.47526379183759,1.8455738632908,1392.57599091642,1
0.03,0.044,6.50469853687942,1.75577965668953,1384.80444697656,1
0.033,0.044,6.52435015197981,1.65109903423967,1376.52390758696,1
0.036,0.044,6.53546331032045,1.53629044858126,1367.93524392223,1
0.039,0.044,6.53954729763959,1.41527166109714,1359.19634309898,1
0.042,0.044,6.53820435761481,1.29116885217043,1350.42662467809,1
0.045,0.044,6.53300892898732,1.16640060333331,1341.71250263388,1
0.048,0.044,6.52543015509027,1.04277668661646,1333.11300240787,1
0.051,0.044,6.51678830110563,0.921598287355992,1324.6650459724,1
0.054,0.044,6.50823599290188,0.803751696140441,1316.38814508612,1
0.057,0.044,6.50075647957445,0.689791441086048,1308.28839929008,1
0.06,0.044,6.49517274688337,0.580011451548662,1300.3617939751,1
0.063,0.044,6.49216288690169,0.474504437883579,1292.59685002112,1
0.066,0.044,6.49227848042243,0.373210535661355,1284.97670346532,1
0.069,0.044,6.49596381814207,0.275956646189828,1277.48070200195,1
0.072,0.044,6.50357458615302,0.182487995489196,1270.08560256736,1
0.075,0.044,6.51539521170745,0.0924933608240506,1262.7664460563,1
0.078,0.044,6.53165445498814,0.0056252617509989,1255.49717468682,1
0.081,0.044,6.55253908696569,-0.078483767385912,1248.25104666285,1
0.084,0.044,6.57820565005434,-0.160207885663974,1241.0008926502,1
0.087,0.044,6.60879038656042,-0.239916860353979,1233.7192496846,1
0.09,0.044,6.64441746161785,-0.317966556792506,1226.37840063185,1
0.093,0.044,6.68520561796673,-0.394690492961226,1218.95034119563,1
0.096,0.044,6.73127339029468,-0.470392050008549,1211.40669160853,1
0.099,0.044,6.78274298413213,-0.545337015653519,1203.71856640488,1
0.102,0.044,6.83974289319041,-0.619746211285169,1195.85641292603,1
0.105,0.044,6.90240929260823,-0.69378801988268,1187.78982733644,1
0.108,0.044,6.97088620587854,-0.767570694907278,1179.48735584843,1
0.111,0.044,7.04532440184698,-0.841134394275192,1170.91628851277,1
0.114,0.044,7.12587893668701,-0.914442952553342,1162.04245330728,1
0.117,0.044,7.21270521619328,-0.987375482638023,1152.83001934453,1
0.12,0.044,7.3059534190029,-1.05971798912646,1143.24131983186,1
0.123,0.044,7.40576109571116,-1.13115528255673,1133.23670795914,1
0.126,0.044,7.51224374835905,-1.20126360877521,1122.77446214142,1
0.129,0.044,7.625483207715,-1.26950455107163,1111.81076092856,1
0.132,0.044,7.74551367289429,-1.33522092141836,1100.29975223457,1
0.135,0.044,7.87230537222752,-1.39763552332795,1088.19374600835,1
0.138,0.044,8.00574596049536,-1.45585382770512,1075.44356351853,1
0.141,0.044,8.14561999989029,-1.50887173053923,1061.99907923262,1
0.144,0.044,8.29158719064559,-1.55558962197574,1047.80999167121,1
0.147,0.044,8.4431604230511,-1.59483394275758,1032.82685608927,1
0.15,0.044,8.59968519931932,-1.62538717865231,1017.00240255594,1
0.153,0.044,8.76032247904346,-1.64602678527492,1000.29314601881,1
0.156,0.044,8.92403745865669,-1.65557279375688,982.661268541967,1
0.159,0.044,9.08959708749936,-1.6529428027304,964.076717254503,1
0.162,0.044,9.2555791025191,-1.63721175484533,944.519415563205,1
0.165,0.044,9.42039487257454,-1.60767245675861,923.981433697799,1
0.168,0.044,9.58232725882599,-1.56389146871072,902.468915493285,1
0.171,0.044,9.73958299386491,-1.50575410101231,880.003523771425,1
0.174,0.044,9.89035689556928,-1.43349219225549,856.623162439712,1
0.177,0.044,10.0329029002244,-1.34768942813296,832.381774826835,1
0.18,0.044,10.1656049392174,-1.24926130734806,807.348113222677,1
0.183,0.044,10.2870396774855,-1.13941025945523,781.603517783424,1
0.186,0.044,10.3960235432741,-1.01956028603747,755.238908266506,1
0.189,0.044,10.4916384529274,-0.891278982429178,728.351338138018,1
0.192,0.044,10.5732338836195,-0.7561970292648,701.040543916556,1
0.195,0.044,10.6404067949987,-0.615935618946419,673.405915613657,1
0.198,0.044,10.6929644874847,-0.47205068121803,645.544217741318,1
0.201,0.044,10.7308780413023,-0.325999582610028,617.548233029845,1
0.204,0.044,10.754235047002,-0.179131932209474,589.506325096918,1
0.207,0.044,10.7631998412012,-0.0327020601958752,561.502760866147,1
0.21,0.044,10.7579876435903,0.112102652436789,533.618523040319,1
0.213,0.044,10.7388562718975,0.254125659886858,505.932285920751,1
0.216,0.044,10.7061159577023,0.392206293997961,478.521222442459,1
0.219,0.044,10.6601546473871,0.525154358919154,451.461350980762,1
0.222,0.044,10.6014734715858,0.651740803129575,424.827211776506,1
0.225,0.044,10.5307252007012,0.770708035377023,398.69077800373,1
0.228,0.044,10.44874781173,0.88079981908452,373.119643206605,1
0.231,0.044,10.3565859648114,0.980806972227657,348.174663337218,1
0.234,0.044,10.2554951644807,1.06962202240429,323.907338329567,1
0.237,0.044,10.1469262845757,1.14629416512226,300.357266245215,1
0.24,0.044,10.0324913288017,1.21007572569252,277.549977164238,1
0.243,0.044,9.91391405114524,1.26045279998509,255.495361242678,1
0.246,0.044,9.79297077524857,1.29715540924034,234.186773929781,1
0.249,0.044,9.67142714344018,1.32014566510164,213.600769030676,1
0.252,0.044,9.55097567010198,1.32958541068031,193.697309596845,1
0.255,0.044,9.43317722762553,1.32578708829295,174.420254770615,1
0.258,0.044,9.31940744109883,1.30915298874128,155.697918448493,1
0.261,0.044,9.2108068729801,1.28010864109989,137.443532514693,1
0.264,0.044,9.10823219156919,1.2390361609108,119.555508893254,1
0.267,0.044,9.01220445384348,1.1862131910862,101.917467330164,1
0.27,0.044,8.92285030521649,1.12176288291263,84.3980692913265,1
0.273,0.044,8.83983235220124,1.04562027277289,66.8507647984244,1
0.276,0.044,8.76226620210821,0.957520330406766,49.1136114252751,1
0.279,0.044,8.68862363249782,0.857012619228839,31.0093574779086,1
0.282,0.044,8.61662390313665,0.743506511442124,12.3460093449638,1
0.285,0.044,8.54311818172194,0.616348802319468,-7.08169447432222,1
0.288,0.044,8.46397620780942,0.474932073916087,-27.4877414794714,1
0.291,0.044,8.37399868620188,0.318827287369498,-49.0721024161997,1
0.294,0.044,8.26697177161042,0.147927962817435,-71.8720372617123,1
0.297,0.044,8.13663750244444,-0.0374165160343494,-94.7251838685917,1
0.3,0.044,7.98400536310358,-0.23633853085419,-107.965967458124,4
0.0,0.046,6.0,1.0,1383.69571751758,3
0.003,0.046,6.01863809680678,1.27788569595013,1389.30228337551,1
0.006,0.046,6.05881947097398,1.50633430918531,1395.70764048197,1
0.009,0.046,6.11600050885109,1.68344600877148,1400.09064015769,1
0.012,0.046,6.18346374912653,1.8097375984501,1402.15708372648,1
0.015,0.046,6.25492018012899,1.88789285453884,1402.04973999396,1
0.018,0.046,6.32517955961383,1.92226757024103,1400.02132935064,1
0.021,0.046,6.39036878631274,1.91830840529268,1396.36261364025,1
0.024,0.046,6.44793606117253,1.88198966698736,1391.37102514317,1
0.027,0.046,6.49651873029067,1.81933583236004,1385.33045051055,1
0.03,0.046,6.53573366980722,1.73606270777702,1378.49813656017,1
0.033,0.046,6.56593954015509,1.63734154868972,1371.09745905174,1
0.036,0.046,6.58800703123354,1.52767171992203,1363.31529450073,1
0.039,0.046,6.60311905179396,1.41083840982001,1355.3026762313,1
0.042,0.046,6.61261072884047,1.28993018878459,1347.17754199367,1
0.045,0.046,6.61785043559609,1.16739393358845,1339.02861321547,1
0.048,0.046,6.6201578674128,1.0451093596242,1330.91970300036,1
0.051,0.046,6.62075274285716,0.924470438851984,1322.89398254971,1
0.054,0.046,6.6207271406847,0.806465413767525,1314.97792273263,1
0.057,0.046,6.62103500656878,0.691750587221299,1307.18476539381,1
0.06,0.046,6.62249339448064,0.580715552649595,1299.51747302456,1
0.063,0.046,6.62579117270476,0.473539172376516,1291.9711645226,1
0.066,0.046,6.63150201564278,0.370236609121642,1284.53507818056,1
0.069,0.046,6.64009942573411,0.270698256042399,1277.19411883173,1
0.072,0.046,6.65197226005794,0.174721648561479,1269.93005057403,1
0.075,0.046,6.66743978523888,0.0820374928878437,1262.72239430442,1
0.078,0.046,6.68676567978443,-0.0076691075258527,1255.54908358636,1
0.081,0.046,6.71017067643027,-0.0947412521705003,1248.3869251864,1
0.084,0.046,6.73784371773582,-0.179535820011241,1241.21190319029,1
0.087,0.046,6.76995161061194,-0.262411297600177,1233.99935863871,1
0.09,0.046,6.80664722898346,-0.343717250290386,1226.72407044988,1
0.093,0.046,6.84807634287726,-0.423784931192165,1219.36025815192,1
0.096,0.046,6.89438315734901,-0.502918612062709,1211.88152264522,1
0.099,0.046,6.94571463313559,-0.581387297909105,1204.26073781075,1
0.102,0.046,7.00222363771543,-0.659416555456984,1196.46990321194,1
0.105,0.046,7.06407094388927,-0.737180248174394,1188.47996635021,1
0.108,0.046,7.13142605530359,-0.814792031006488,1180.26062188748,1
0.111,0.046,7.20446679621219,-0.892296520408221,1171.78009492971,1
0.114,0.046,7.28337755780761,-0.9696601239239,1163.00491588494,1
0.117,0.046,7.36834604763685,-1.04676159289888,1153.8996956022,1
0.12,0.046,7.45955834482711,-1.12338245642641,1144.42691151467,1
0.123,0.046,7.5571920264265,-1.1991976086327,1134.54671840412,1
0.126,0.046,7.66140710554002,-1.27376645846644,1124.21680120777,1
0.129,0.046,7.7723345192613,-1.34652521326519,1113.39229198254,1
0.132,0.046,7.89006193608747,-1.41678105351122,1102.02577860512,1
0.135,0.046,8.01461673449159,-1.48370916035409,1090.06743873043,1
0.138,0.046,8.14594615562831,-1.54635376594352,1077.46533841717,1
0.141,0.046,8.28389487421532,-1.60363458466338,1064.16593977111,1
0.144,0.046,8.42818058076887,-1.65436011185201,1050.11486462049,1
0.147,0.046,8.5783686354243,-1.69724928947342,1035.25795977692,1
0.15,0.046,8.73384743035511,-1.73096286270149,1019.5427014837,1
0.153,0.046,8.89380674549396,-1.75414530371564,1002.91995948097,1
0.156,0.046,9.057222017738,-1.76547737893807,985.346112000404,1
0.159,0.046,9.22284792956177,-1.76373823305392,966.785459967854,1
0.162,0.046,9.38922486836981,-1.74787427522675,947.212831684409,1
0.165,0.046,9.55470139237446,-1.71707031080014,926.616201782149,1
0.168,0.046,9.71747466543718,-1.67081654606575,904.999079223465,1
0.171,0.046,9.87564880442471,-1.60896373853968,882.382364204018,1
0.174,0.046,10.027308339643,-1.53175840003183,858.805354879376,1
0.177,0.046,10.1706009269294,-1.43985107029643,834.325625490274,1
0.18,0.046,10.3038207491919,-1.33427350279694,809.017613718903,1
0.183,0.046,10.4254825215557,-1.21638492848495,782.969942830839,1
0.186,0.046,10.5343763545082,-1.08779263694099,756.2817299728,1
0.189,0.046,10.6295961885646,-0.950256771652977,729.058336699251,1
0.192,0.046,10.7105387265286,-0.805592247383851,701.407136417868,1
0.195,0.046,10.7768748231952,-0.655581209525307,673.433864211088,1
0.198,0.046,10.8284999521132,-0.50190731254829,645.239979326388,1
0.201,0.046,10.8654736095383,-0.346118870049757,616.921253191832,1
0.204,0.046,10.8879587583356,-0.189622664298204,588.567558926292,1
0.207,0.046,10.8961716328829,-0.0337050204047538,560.263636509883,1
0.21,0.046,10.8903498114357,0.120427463910993,532.090471176649,1
0.213,0.046,10.8707429950298,0.271597860793907,504.12685720361,1
0.216,0.046,10.8376269953557,0.418610864115296,476.450717776142,1
0.219,0.046,10.7913375450283,0.560217370766545,449.139804872701,1
0.222,0.046,10.7323171779449,0.695099974296122,422.271505590879,1
0.225,0.046,10.6611660609779,0.821883945012581,395.921628392567,1
0.228,0.046,10.5786867421735,0.939173661261823,370.162222342581,1
0.231,0.046,10.4859136157911,1.04560969069168,345.058667378247,1
0.234,0.046,10.3841204642132,1.13993773718393,320.666422155496,1
0.237,0.046,10.2748032501103,1.22107836571345,297.027884507409,1
0.24,0.046,10.1596395382358,1.28818633341414,274.169783347564,1
0.243,0.046,10.0404295197972,1.34069044468677,252.101389567496,1
0.246,0.046,9.91902578174401,1.37830847918866,230.813649367938,1
0.249,0.046,9.79725935163804,1.4010359375239,210.279162569145,1
0.252,0.046,9.67686831747276,1.40911114767574,190.452796753922,1
0.255,0.046,9.55943301264803,1.40296202424238,171.27266684496,1
0.258,0.046,9.44631905147275,1.38314125419325,152.661215237008,1
0.261,0.046,9.33862700492386,1.35025705479068,134.526181065042,1
0.264,0.046,9.23714562773212,1.30490628286097,116.761325968514,1
0.267,0.046,9.1423044826564,1.24761597727986,99.2468688356346,1
0.27,0.046,9.05412159308676,1.17879869729717,81.8496605280284,1
0.273,0.046,8.97214233576885,1.0987264148813,64.4231934394824,1
0.276,0.046,8.89536705852715,1.00752717541936,46.8075845311508,1
0.279,0.046,8.8221667290334,0.905208037731445,28.8296917729003,1
0.282,0.046,8.75018809256827,0.791706619349019,10.3035419623803,1
0.285,0.046,8.67625218980136,0.666971585704828,-8.96855398609738,1
0.288,0.046,8.59625355505435,0.531069443953476,-29.1920937588434,1
0.291,0.046,8.50508109671373,0.384311054551095,-50.5587507201429,1
0.294,0.046,8.39667319128386,0.227386175266535,-73.1006648806596,1
0.297,0.046,8.26496876129549,0.0614841448025875,-95.6685209468211,1
0.3,0.046,8.11110717600791,-0.111669129362759,-108.726485182374,4
0.0,0.048,6.0,1.0,1372.74166527704,3
0.003,0.048,6.01781991576386,1.25931032808193,1378.15228865579,1
0.006,0.048,6.05661705985185,1.47375282122909,1384.47102787624,1
0.009,0.048,6.11251994793164,1.64148731729575,1389.00532994916,1
0.012,0.048,6.1795116753172,1.76272607430808,1391.45308662049,1
0.015,0.048,6.25184480335396,1.8395601656093,1391.91793854822,1
0.018,0.048,6.32465262978229,1.87557719728612,1390.6039870675,1
0.021,0.048,6.39416507730939,1.87539531943636,1387.75241903834,1
0.024,0.048,6.45774545616655,1.84419578462723,1383.61521677062,1
0.027,0.048,6.51380929229588,1.78731116320052,1378.43788200496,1
0.03,0.048,6.56166978075786,1.70990098793374,1372.44757069535,1
0.033,0.048,6.60134914063823,1.6167242899187,1365.84583371436,1
0.036,0.048,6.63338672027347,1.51200244965146,1358.80516673223,1
0.039,0.048,6.65866448857881,1.3993567240124,1351.46844345649,1
0.042,0.048,6.67826102440205,1.28180158402274,1343.95032688451,1
0.045,0.048,6.69333769784485,1.16177573250345,1336.3398816017,1
0.048,0.048,6.70505579280119,1.04119554025201,1328.70378229488,1
0.051,0.048,6.71452056741331,0.921519257364974,1321.08968569547,1
0.054,0.048,6.72274713605745,0.803813854095716,1313.52948195907,1
0.057,0.048,6.73064300761209,0.688819288805674,1306.04225841946,1
0.06,0.048,6.73900265589515,0.57700725270329,1298.63689377864,1
0.063,0.048,6.74851029222664,0.468633036598161,1291.31425846825,1
0.066,0.048,6.75974784596209,0.363780215791425,1284.0690330066,1
0.069,0.048,6.77320592174951,0.262398487038619,1276.89117645274,1
0.072,0.048,6.78929614231772,0.16433533714908,1269.76708646349,1
0.075,0.048,6.8083637920516,0.0693623742930081,1262.68049484599,1
0.078,0.048,6.83070005937733,-0.0228028162071573,1255.61314069229,1
0.081,0.048,6.85655345385507,-0.112478468436293,1248.54525913311,1
0.084,0.048,6.88614016762518,-0.200003335367215,1241.45591873731,1
0.087,0.048,6.91965327969687,-0.285723629252772,1234.32323540372,1
0.09,0.048,6.9572707816812,-0.3699816295262,1227.12448570341,1
0.093,0.048,6.99916244775376,-0.453105468109136,1219.83613827513,1
0.096,0.048,7.04549558954961,-0.535399677444743,1212.43381816332,1
0.099,0.048,7.09643973535349,-0.617136154008962,1204.89221595383,1
0.102,0.048,7.15217025725859,-0.698545250975741,1197.18495120815,1
0.105,0.048,7.21287094325798,-0.779806770610779,1189.28439801766,1
0.108,0.048,7.27873547575337,-0.861040683053292,1181.16147949858,1
0.111,0.048,7.34996773533697,-0.942297457212605,1172.78543774862,1
0.114,0.048,7.42678080037751,-1.02354795589115,1164.12358623694,1
0.117,0.048,7.50939446068391,-1.10467292579735,1155.14105287355,1
0.12,0.048,7.59803100996852,-1.18545220912328,1145.8005241991,1
0.123,0.048,7.69290903115349,-1.26555392235956,1136.06200436115,1
0.126,0.048,7.79423484724917,-1.34452399530854,1125.88260689721,1
0.129,0.048,7.90219128828561,-1.42177664305015,1115.216402888,1
0.132,0.048,8.01692343543312,-1.49658655757525,1104.01435573892,1
0.135,0.048,8.13852106570648,-1.56808385074625,1092.22438048448,1
0.138,0.048,8.26699765823033,-1.63525304484776,1079.79157360119,1
0.141,0.048,8.40226606360851,-1.69693766740939,1066.65866695669,1
0.144,0.048,8.54411130978636,-1.75185222173508,1052.76676525017,1
0.147,0.048,8.69216154311668,-1.79860340963287,1038.05642793325,1
0.15,0.048,8.84585878682241,-1.83572238905792,1022.46915117426,1
0.153,0.048,9.00443201126834,-1.86170944579905,1005.94928925113,1
0.156,0.048,9.16687586751796,-1.87509162635661,988.446423763843,1
0.159,0.048,9.33193918005071,-1.87449252305036,969.918139617552,1
0.162,0.048,9.49812768737948,-1.85871149925877,950.333097110924,1
0.165,0.048,9.66372525932682,-1.82680730798972,929.674202097475,1
0.168,0.048,9.82683660536213,-1.77817860863338,907.94158058051,1
0.171,0.048,9.98545213158729,-1.71263187366171,885.154979642995,1
0.174,0.048,10.1375321796339,-1.63042632523965,861.355173251145,1
0.177,0.048,10.2811038590122,-1.53228657854253,836.603985030832,1
0.18,0.048,10.4143599565872,-1.41937703025923,810.982679309848,1
0.183,0.048,10.535747117701,-1.29323754177885,784.58871817152,1
0.186,0.048,10.6440306652812,-1.15568666237033,757.531193308877,1
0.189,0.048,10.7383264920204,-1.00870490743796,729.925531674717,1
0.192,0.048,10.8180959634939,-0.854314697461269,701.888244952582,1
0.195,0.048,10.8831064051058,-0.694474253036844,673.532480425639,1
0.198,0.048,10.9333658304041,-0.530999833739798,644.964938691948,1
0.201,0.048,10.9690446688832,-0.365525064721682,616.284420064099,1
0.204,0.048,10.9903986478041,-0.199499212018856,587.581940906141,1
0.207,0.048,10.9977057559037,-0.0342196743574712,558.942100187935,1
0.21,0.048,10.9912269980549,0.129111235131522,530.44521079085,1
0.213,0.048,10.9711962475745,0.289318380275118,502.169638777943,1
0.216,0.048,10.9378396349065,0.445189060874825,474.193799650767,1
0.219,0.048,10.8914201410817,0.595424805441282,446.597328726755,1
0.222,0.048,10.8322988939789,0.738620185235715,419.461068815717,1
0.225,0.048,10.7610016518512,0.873274530445059,392.86570316971,1
0.228,0.048,10.6782777106599,0.997836594252044,366.889096518624,1
0.231,0.048,10.5851394685437,1.11077606040721,341.6026587702,1
0.234,0.048,10.4828741799492,1.21067058393476,317.067254986537,1
0.237,0.048,10.3730244524342,1.29629406046613,293.32928451097,1
0.24,0.048,10.2573396077646,1.36669182542865,270.417501218874,1
0.243,0.048,10.1377047409748,1.42123142901859,248.340958786863,1
0.246,0.048,10.0160570443252,1.4596225962702,227.088203936238,1
0.249,0.048,9.89429927080191,1.48190555831378,206.627591176974,1
0.252,0.048,9.77421839763731,1.4884117879908,186.908420385158,1
0.255,0.048,9.65741443240409,1.47970444042989,167.862528978703,1
0.258,0.048,9.54524084147601,1.45650727441099,149.405991440832,1
0.261,0.048,9.43875505874334,1.41963081351825,131.440658534208,1
0.264,0.048,9.33867541492155,1.36990355274193,113.855372861058,1
0.267,0.048,9.24533976503213,1.30811468773565,96.5268008354215,1
0.27,0.048,9.15866101758532,1.23497354395831,79.3199084460093,1
0.273,0.048,9.07807550959514,1.1510897914862,62.0881721310652,1
0.276,0.048,9.00248151781084,1.05697761354675,44.6736538141708,1
0.279,0.048,8.93016692998902,0.953086057302597,26.9070818210694,1
0.282,0.048,8.85872699685142,0.839856559035878,8.60809030174572,1
0.285,0.048,8.78497503030782,0.717806846272181,-10.4140360836473,1
0.288,0.048,8.70485188759784,0.587637935958319,-30.3570573519738,1
0.291,0.048,8.61335319832915,0.450357753534054,-51.4052341116566,1
0.294,0.048,8.50458317201907,0.307410516133261,-73.5870346563511,1
0.297,0.048,8.37268206769373,0.160790080823692,-95.7721266431984,1
0.3,0.048,8.21888661988201,0.0130568966829424,-108.593356779329,4
0.0,0.05,6.0,1.0,1362.76467324543,3
0.003,0.05,6.01709568622462,1.24144856094461,1367.99825838267,1
0.006,0.05,6.05464156269603,1.44209788844251,1374.22674606073,1
0.009,0.05,6.10933328463868,1.60018472146717,1378.87246019756,1
0.012,0.05,6.17576009162481,1.71569741661314,1381.629904826,1
0.015,0.05,6.24865979043307,1.79025669026567,1382.57259997046,1
0.018,0.05,6.32347656649641,1.82681912009496,1381.86588414766,1
0.021,0.05,6.39656833734807,1.82930257533225,1379.71036219442,1
0.024,0.05,6.46526389192616,1.80219852332992,1376.31979053222,1
0.027,0.05,6.5278190038894,1.75021868880754,1371.90641696352,1
0.03,0.05,6.58330516340982,1.67800528232934,1366.67042877367,1
0.033,0.05,6.63146185074314,1.58991682329237,1360.79298498219,1
0.036,0.05,6.67253817342832,1.48988822842371,1354.43235650707,1
0.039,0.05,6.70714252528762,1.381355388766,1347.72254460839,1
0.042,0.05,6.73611160566196,1.26723052112434,1340.77370608645,1
0.045,0.05,6.76040397336828,1.14991400602781,1333.67377032641,1
0.048,0.05,6.78101883908774,1.03132991467985,1326.49074123084,1
0.051,0.05,6.79893800595416,0.912974884603769,1319.27529952596,1
0.054,0.05,6.81508744441231,0.795972661451514,1312.06343555088,1
0.057,0.05,6.83031453788113,0.681129036906208,1304.87893862146,1
0.06,0.05,6.84537719330968,0.568983879864722,1297.73564319676,1
0.063,0.05,6.86094148864993,0.459858439624587,1290.63938553796,1
0.066,0.05,6.87758512996216,0.353897141942151,1283.58966057896,1
0.069,0.05,6.89580459312587,0.251103784066488,1276.58099117788,1
0.072,0.05,6.91602436450449,0.151372451412033,1269.60403443871,1
0.075,0.05,6.93860714470126,0.0545137049681498,1262.64645545901,1
0.078,0.05,6.96386423564807,-0.0397233120514619,1255.69360007151,1
0.081,0.05,6.9920656014978,-0.131632180251603,1248.72899666706,1
0.084,0.05,7.02344929098454,-0.221533281651238,1241.73471424601,1
0.087,0.05,7.05823004691092,-0.309760058750925,1234.69160026487,1
0.09,0.05,7.0966070199502,-0.396646926006507,1227.57941814694,1
0.093,0.05,7.13877055972063,-0.482518367287814,1220.37690082327,1
0.096,0.05,7.18490808457642,-0.567678812884707,1213.0617335431,1
0.099,0.05,7.23520903913101,-0.652402945397264,1205.6104765378,1
0.102,0.05,7.28986893975704,-0.736926135727819,1197.99843599322,1
0.105,0.05,7.3490924863256,-0.821434760009306,1190.19949022056,1
0.108,0.05,7.41309568532729,-0.906056198292682,1182.18587695596,1
0.111,0.05,7.48210688665908,-0.990848369680798,1173.92794742249,1
0.114,0.05,7.55636658490046,-1.07578872068187,1165.39389323937,1
0.117,0.05,7.63612577719622,-1.16076265906884,1156.5494535762,1
0.12,0.05,7.72164260605991,-1.24555152053977,1147.35761227276,1
0.123,0.05,7.81317695020212,-1.32982027680306,1137.77829814927,1
0.126,0.05,7.91098256603448,-1.41310534859267,1127.76810660069,1
0.129,0.05,8.01529633660957,-1.4948030824283,1117.2800669606,1
0.132,0.05,8.12632416820896,-1.57415969074195,1106.26348811819,1
0.135,0.05,8.24422310869483,-1.65026374210515,1094.66392439266,1
0.138,0.05,8.36907937449792,-1.72204261443756,1082.42331433739,1
0.141,0.05,8.50088220027694,-1.78826466842093,1069.48035611485,1
0.144,0.05,8.63949380706944,-1.8475492193703,1055.77119281818,1
0.147,0.05,8.78461635946821,-1.89838661336124,1041.23048714912,1
0.15,0.05,8.93575757360487,-1.93917074197889,1025.79296358998,1
0.153,0.05,9.0921976336509,-1.968246017729,1009.39548281303,1
0.156,0.05,9.25296119925624,-1.98397001205562,991.979681772106,1
0.159,0.05,9.41679936810517,-1.98479147110103,973.495157771009,1
0.162,0.05,9.58218720620382,-1.96934118206828,953.903091409311,1
0.165,0.05,9.74734247229988,-1.9365302386899,933.180091796335,1
0.168,0.05,9.9102699957503,-1.8856469876698,911.321916822326,1
0.171,0.05,10.0688334742507,-1.81644100716268,888.346594566154,1
0.174,0.05,10.2208522135864,-1.72918085722187,864.296389269978,1
0.177,0.05,10.364215053609,-1.6246731279129,839.23807021317,1
0.18,0.05,10.4969985697075,-1.50423425145474,813.26110384735,1
0.183,0.05,10.6175732159618,-1.36961357407013,786.473712975603,1
0.186,0.05,10.7246809148651,-1.22287507516603,758.997178744822,1
0.189,0.05,10.8174714338162,-1.06625363216501,730.95917767684,1
0.192,0.05,10.8954921385481,-0.902007329495201,702.487195850831,1
0.195,0.05,10.958634535363,-0.7322882275764,673.703044915213,1
0.198,0.05,11.0070490043882,-0.55904999955894,644.71922720809,1
0.201,0.05,11.0410442981833,-0.384003228754028,615.637468365313,1
0.204,0.05,11.0609898544808,-0.208620121330336,586.549299679834,1
0.207,0.05,11.0672370459208,-0.034182026386235,557.538237117486,1
0.21,0.05,11.060071180136,0.138143166066933,528.682908524104,1
0.213,0.05,11.0397005044135,0.307210437012304,500.060409555412,1
0.216,0.05,11.0062825242398,0.471811759506092,471.749187444466,1
0.219,0.05,10.9599821722028,0.630611651048146,443.830836363893,1
0.222,0.05,10.9010512333138,0.782117405662339,416.390337959869,1
0.225,0.05,10.8299145734844,0.92469160530774,389.514507937846,1
0.228,0.05,10.7472469620581,1.05660715173102,363.288714870753,1
0.231,0.05,10.6540253982863,1.17613708940397,337.79228211249,1
0.234,0.05,10.5515460775982,1.28166461055623,313.093282002858,1
0.237,0.05,10.44140176483,1.37179466838411,289.243578571394,1
0.24,0.05,10.3254227616627,1.44544875226959,266.274903483619,1
0.243,0.05,10.2055908692367,1.50192852641324,244.196477420716,1
0.246,0.05,10.0839391780883,1.54094084718497,222.994315116584,1
0.249,0.05,9.96245060836908,1.56258411226759,202.632005901116,1
0.252,0.05,9.84296541495708,1.56730207406131,183.052537459257,1
0.255,0.05,9.72710360134556,1.5558150770009,164.180657084651,1
0.258,0.05,9.61620370191045,1.52904000307459,145.925314297116,1
0.261,0.05,9.51127570736612,1.48800957750769,128.181848783901,1
0.264,0.05,9.41296352859389,1.43379993147524,110.833728675423,1
0.267,0.05,9.32151138032393,1.36747321408111,93.7537727993967,1
0.27,0.05,9.23672860521664,1.2900401096038,76.8048901952284,1
0.273,0.05,9.15794843109913,1.20244556430429,59.8404358158612,1
0.276,0.05,9.08397763938528,1.10557982231108,42.7043139708976,1
0.279,0.05,9.01303583952664,1.0003158109963,25.2309660450456,1
0.282,0.05,8.94268475822371,0.887572738086483,7.24538338760822,1
0.285,0.05,8.86974958803459,0.768404232193719,-11.4365251465283,1
0.288,0.05,8.79023704419464,0.64410734449612,-31.0052046735723,1
0.291,0.05,8.69926738292434,0.516346157915829,-51.6379995019275,1
0.294,0.05,8.59112551016839,0.387279869620636,-73.3607438115269,1
0.297,0.05,8.46016082545569,0.259673300660996,-95.0676393285678,1
0.3,0.05,8.30768020387809,0.136898416073068,-107.59891161917,4
0.0,0.052,6.0,1.0,1353.66511327656,3
0.003,0.052,6.01645216864245,1.22422441848627,1358.73856300453,1
0.006,0.052,6.05286541335773,1.41129394780372,1364.87608998228,1
0.009,0.052,6.10641638721286,1.55953194915794,1369.60272356613,1
0.012,0.052,6.17222002572233,1.66876368621304,1372.61260803586,1
0.015,0.052,6.24544759291799,1.74023592830183,1373.95594982742,1
0.018,0.052,6.32183685583899,1.77638600640528,1373.76704474496,1
0.021,0.052,6.39788765276317,1.78053985556396,1372.21320594873,1
0.024,0.052,6.47093089819907,1.7565903852021,1369.47605859582,1
0.027,0.052,6.53911159839186,1.70869530571694,1365.73915289413,1
0.03,0.052,6.6013112726886,1.64102045782153,1361.17870270468,1
0.033,0.052,6.65703391106232,1.55754157938298,1355.95709108205,1
0.036,0.052,6.70627675351888,1.46190654134267,1350.21888256167,1
0.039,0.052,6.74940230531446,1.35735254749781,1344.08893090977,1
0.042,0.052,6.78702250331195,1.24666866091923,1337.67209622905,1
0.045,0.052,6.81990095724746,1.13219264967936,1331.05409476883,1
0.048,0.052,6.84887529281037,1.01583164892177,1324.30306582242,1
0.051,0.052,6.8747989621844,0.899097678621099,1317.47152328266,1
0.054,0.052,6.89850032974841,0.783150993805309,1310.59844488834,1
0.057,0.052,6.92075613315883,0.668846157854052,1303.71132867117,1
0.06,0.052,6.94227629291958,0.556777393725148,1296.82810865063,1
0.063,0.052,6.96369726453293,0.447321095205527,1289.95886949571,1
0.066,0.052,6.98558152198436,0.340674368843317,1283.10733399649,1
0.069,0.052,7.00842121225676,0.236889169718993,1276.27212007835,1
0.072,0.052,7.0326444571244,0.135902049789219,1269.4477782852,1
0.075,0.052,7.05862316390633,0.037559815587975,1262.62562849257,1
0.078,0.052,7.08668152677215,-0.0583584556997778,1255.79441803585,1
0.081,0.052,7.11710465351731,-0.152122525119401,1248.94082397425,1
0.084,0.052,7.15014694536598,-0.244034695133557,1242.04982097967,1
0.087,0.052,7.18603999810894,-0.334415594212469,1235.10493413673,1
0.09,0.052,7.22499989099987,-0.423591564557282,1228.08839330374,1
0.093,0.052,7.26723379374686,-0.511883216745974,1220.98120296793,1
0.096,0.052,7.31294585868657,-0.599594759047667,1213.76313895428,1
0.099,0.052,7.36234238030618,-0.687003752289639,1206.4126810581,1
0.102,0.052,7.41563620170854,-0.774350982795052,1198.90688875981,1
0.105,0.052,7.47305033015218,-0.861830186866972,1191.22122571885,1
0.108,0.052,7.53482069318309,-0.949577402630941,1183.32933780599,1
0.111,0.052,7.60119792413403,-1.03765977192858,1175.20278910758,1
0.114,0.052,7.67244801157033,-1.12606367066011,1166.81076073819,1
0.117,0.052,7.74885158235482,-1.2146821159891,1158.11971858628,1
0.12,0.052,7.83070151379948,-1.30330148993807,1149.09305848795,1
0.123,0.052,7.91829848972495,-1.39158773924847,1139.69074102104,1
0.126,0.052,8.01194403353483,-1.47907237025596,1129.86893341147,1
0.129,0.052,8.11193047793633,-1.56513876484208,1119.57968323066,1
0.132,0.052,8.21852728072929,-1.64900960847261,1108.77065787641,1
0.135,0.052,8.3319630919548,-1.72973654998232,1097.38499537195,1
0.138,0.052,8.45240305225878,-1.80619360386373,1085.36132560585,1
0.141,0.052,8.5799209992296,-1.87707624430272,1072.63403608216,1
0.144,0.052,8.7144666314134,-1.94090858797278,1059.13387106681,1
0.147,0.052,8.85582828698054,-1.9960614468156,1044.78896504435,1
0.15,0.052,9.00359288528833,-2.04078423286113,1029.52641642487,1
0.153,0.052,9.15710577145651,-2.07325353964713,1013.27449940571,1
0.156,0.052,9.31543464215259,-2.09164048397076,995.965582901994,1
0.159,0.052,9.47734324121544,-2.09419732395717,977.539766456961,1
0.162,0.052,9.64128175723504,-2.07936128582985,957.949145640317,1
0.165,0.052,9.80540131203852,-2.04586992164194,937.16247961812,1
0.168,0.052,9.96759895859896,-1.99287801192677,915.169857842238,1
0.171,0.052,10.1255966265629,-1.92006183148967,891.98677664738,1
0.174,0.052,10.2770522481682,-1.82769382644332,867.656892259545,1
0.177,0.052,10.4196943847931,-1.71667098428362,842.252692788568,1
0.18,0.052,10.5514645336223,-1.58848468889619,815.873511525711,1
0.183,0.052,10.6706461868927,-1.4451288166691,788.64072698349,1
0.186,0.052,10.7759589458989,-1.28895471616656,760.690599980378,1
0.189,0.052,10.8666007895713,-1.12249337339141,732.165803448064,1
0.192,0.052,10.9422312425693,-0.948272799898648,703.207070924606,1
0.195,0.052,11.0029000335069,-0.76865988150638,673.946364028964,1
0.198,0.052,11.0489363941295,-0.58575030331398,644.50255163105,1
0.201,0.052,11.0808206397652,-0.401319775818643,614.979979639684,1
0.204,0.052,11.0990610482573,-0.216837859508327,585.469713890188,1
0.207,0.052,11.1040960251627,-0.033535125488572,556.052811964545,1
0.21,0.052,11.0962357447701,0.147493164627681,526.804760041214,1
0.213,0.052,11.07565048693,0.325167879684694,497.800153214886,1
0.216,0.052,11.0424057528294,0.498313559889801,469.11673779264,1
0.219,0.052,10.9965373856437,0.665573446358358,440.838035320335,1
0.222,0.052,10.9381536693092,0.825368699096065,413.053937248595,1
0.225,0.052,10.8675464001907,0.975911702601195,385.858930283332,1
0.228,0.052,10.7852903744979,1.11527412920375,359.348006230391,1
0.231,0.052,10.6923118592955,1.24150005070676,333.610785362899,1
0.234,0.052,10.5899119845986,1.35274518248344,308.724814765797,1
0.237,0.052,10.479739790432,1.44741798384641,284.74922614589,1
0.24,0.052,10.3637196296835,1.52429862533837,261.719837706507,1
0.243,0.052,10.2439458821287,1.58261769299754,239.646384943749,1
0.246,0.052,10.122562227304,1.62208591544669,218.512023084492,1
0.249,0.052,10.0016423652529,1.64287616858185,198.274759786357,1
0.252,0.052,9.88308500492162,1.64556688289038,178.87018762198,1
0.255,0.052,9.76853003655112,1.63106036838915,160.214819347474,1
0.258,0.052,9.65929696513141,1.60049050171091,142.20942884587,1
0.261,0.052,9.55634219677854,1.55513264106834,124.7419822788,1
0.264,0.052,9.46022914893451,1.49632579098912,107.689936473562,1
0.267,0.052,9.37110429664415,1.42541398098514,90.9218431853801,1
0.27,0.052,9.28867274574353,1.34371119189539,74.2983125642196,1
0.273,0.052,9.21216823793791,1.25249218823418,57.6724565452604,1
0.276,0.052,9.14031420362962,1.15301021716539,40.8899595250036,1
0.279,0.052,9.07127425211237,1.04654146981073,23.7889200162767,1
0.282,0.052,9.0025920953911,0.934455178735568,6.19960364233262,1
0.285,0.052,8.93112231285614,0.818307004922893,-12.0555719904647,1
0.288,0.052,8.85295567529002,0.699951803604863,-31.1598655702415,1
0.291,0.052,8.7633548409082,0.581669813968059,-51.283863836382,1
0.294,0.052,8.65680172343833,0.466296787616563,-72.4514487906843,1
0.297,0.052,8.52786589415326,0.357335533175299,-93.5865658010265,1
0.3,0.052,8.37790207322463,0.258946051433861,-105.775286798059,4
0.0,0.054,6.0,1.0,1345.35844832998,3
0.003,0.054,6.01587834200479,1.20757166519729,1350.28686298134,1
0.006,0.054,6.0512648281668,1.38127110355741,1356.33467596744,1
0.009,0.054,6.10374602259856,1.5195130759196,1361.11885696563,1
0.012,0.054,6.16889392651197,1.62200585828762,1364.33518362135,1
0.015,0.054,6.24226627709145,1.6896986029153,1366.0157205862,1
0.018,0.054,6.31987470062233,1.72460067684885,1366.26978790068,1
0.021,0.054,6.39836704109005,1.72953745337165,1365.23731645028,1
0.024,0.054,6.4751023885333,1.70788323590203,1363.07291659381,1
0.027,0.054,6.54815319844635,1.66330338095094,1359.93543577674,1
0.03,0.054,6.61625371053174,1.59952836470195,1355.9799052267,1
0.033,0.054,6.67871335944304,1.5201726188484,1351.35160794147,1
0.036,0.054,6.73531251412823,1.42860218914363,1346.18214903502,1
0.039,0.054,6.78619469539724,1.32784874399171,1340.58727479369,1
0.042,0.054,6.8317653831971,1.220563450697,1334.66609822453,1
0.045,0.054,6.87260357120131,1.10900243695433,1328.50136909603,1
0.048,0.054,6.90938892463762,0.995035386196596,1322.16045437815,1
0.051,0.054,6.94284497055069,0.880169661552105,1315.6967480544,1
0.054,0.054,6.97369718206825,0.765583695791735,1309.15129071813,1
0.057,0.054,7.00264396563997,0.652164852923994,1302.55443855729,1
0.06,0.054,7.03033823465969,0.540548334200744,1295.92747261447,1
0.063,0.054,7.05737727447632,0.431154854718621,1289.28408039877,1
0.066,0.054,7.08429882571873,0.324225722259371,1282.63167300342,1
0.069,0.054,7.111581628053,0.219854619571022,1275.97252298955,1
0.072,0.054,7.13964900429781,0.118015859651336,1269.30472305411,1
0.075,0.054,7.16887438341367,0.0185891926423654,1262.62297458875,1
0.078,0.054,7.19958793901889,-0.0786185670503532,1255.91922017306,1
0.081,0.054,7.23208374998742,-0.173854719359145,1249.18313608608,1
0.084,0.054,7.26662707154622,-0.267404240558797,1242.40250104496,1
0.087,0.054,7.30346144344746,-0.359575294724177,1235.56345631957,1
0.09,0.054,7.34281546222928,-0.450686271011073,1228.65067065018,1
0.093,0.054,7.38490911344148,-0.541053945442867,1221.64742137433,1
0.096,0.054,7.42995960249254,-0.630982393858292,1214.53560109695,1
0.099,0.054,7.4781866439364,-0.720752312713597,1207.29565728222,1
0.102,0.054,7.52981717189502,-0.81061043501162,1199.90647042784,1
0.105,0.054,7.58508942114513,-0.900758759851339,1192.34517510046,1
0.108,0.054,7.64425630047368,-0.991343347431192,1184.58692716276,1
0.111,0.054,7.70758793775884,-1.08244246957117,1176.60462012096,1
0.114,0.054,7.77537321992235,-1.17405395307062,1168.36855381235,1
0.117,0.054,7.84792008038684,-1.26608161514117,1159.84605982743,1
0.12,0.054,7.92555420237289,-1.35832077414614,1151.00109037075,1
0.123,0.054,8.00861570994008,-1.45044293430253,1141.79378102432,1
0.126,0.054,8.09745331416538,-1.54197990126679,1132.18000346936,1
0.129,0.054,8.19241527733627,-1.6323077998104,1122.11093207735,1
0.132,0.054,8.29383646784033,-1.72063174908012,1111.53265883692,1
0.135,0.054,8.40202072597166,-1.80597231780804,1100.38590469147,1
0.138,0.054,8.51721778191994,-1.88715533824191,1088.60589213553,1
0.141,0.054,8.63959411294643,-1.96280719760757,1076.12246346592,1
0.144,0.054,8.76919746516225,-2.0313583195859,1062.86055013848,1
0.147,0.054,8.9059153781313,-2.09105812564679,1048.74111857447,1
0.15,0.054,9.04942902128425,-2.14000519791618,1033.68273180726,1
0.153,0.054,9.19916503853917,-2.17619644475479,1017.60386723192,1
0.156,0.054,9.3542498881075,-2.19759850626918,1000.42610807524,1
0.159,0.054,9.51347320354748,-2.20224307755479,982.078266975529,1
0.162,0.054,9.67526861455578,-2.18834493882806,962.501390172682,1
0.165,0.054,9.83772160120072,-2.15443710624986,941.654419397547,1
0.168,0.054,9.99861342054235,-2.09951191009554,919.520056172379,1
0.171,0.054,10.155507007631,-2.02315089071294,896.11010496313,1
0.174,0.054,10.3058744661042,-1.92562189462903,871.469332688371,1
0.177,0.054,10.4472567439131,-1.80792093834541,845.676785164349,1
0.18,0.054,10.577436183378,-1.67174137231535,818.843683187667,1
0.183,0.054,10.6945950179775,-1.51936428879218,791.107570550972,1
0.186,0.054,10.7974310489568,-1.35348011619288,762.623239962672,1
0.189,0.054,10.8852077340769,-1.17696748061363,733.551854989309,1
0.192,0.054,10.95772889377,-0.992666208837825,704.050243291042,1
0.195,0.054,11.0152443268285,-0.803182886778146,674.262296498235,1
0.198,0.054,11.0583066862794,-0.610759351726385,644.313801656432,1
0.201,0.054,11.087608042734,-0.417220137262635,614.311138256693,1
0.204,0.054,11.1038254863066,-0.223999064223016,584.343454962329,1
0.207,0.054,11.1075003425049,-0.0322319231727108,554.487405892676,1
0.21,0.054,11.0989677356236,0.157106593100394,524.813298996555,1
0.213,0.054,11.0783445802808,0.343047969050028,495.39148937148,1
0.216,0.054,11.0455757195323,0.524484231262201,466.297925532352,1
0.219,0.054,11.0005299963829,0.700057156648054,437.617871171131,1
0.222,0.054,10.9431305201081,0.86810332958009,409.447000097443,1
0.225,0.054,10.8734969100442,1.02666808290436,381.889370479401,1
0.228,0.054,10.7920734794497,1.17358987203321,355.052286593675,1
0.231,0.054,10.6997181939278,1.30664304002747,329.038716311854,1
0.234,0.054,10.5977339899225,1.42371443435034,303.93857017122,1
0.237,0.054,10.4878357718822,1.52298192265266,279.82049463305,1
0.24,0.054,10.3720599282017,1.6030633381882,256.725693369981,1
0.243,0.054,10.2526342732727,1.6631127126057,234.664696253547,1
0.246,0.054,10.1318316710823,1.70285377493877,213.617200029565,1
0.249,0.054,10.0118293962648,1.7225541359757,193.53442399882,1
0.252,0.054,9.89459015642828,1.72295358033202,174.343056924783,1
0.255,0.054,9.78177249550026,1.70516475952058,155.949834124469,1
0.258,0.054,9.67467069057249,1.67056470704735,138.245968955342,1
0.261,0.054,9.57417885179469,1.62069259011437,121.110936331221,1
0.264,0.054,9.4807711677499,1.55716480121461,104.415368433278,1
0.267,0.054,9.39448972441563,1.48161427473597,88.0230252639311,1
0.27,0.054,9.31493233517721,1.39565754093354,71.7919334191552,1
0.273,0.054,9.24123462369335,1.30089069154086,55.5748533264551,1
0.276,0.054,9.17204263772775,1.19891395546126,39.2192527479273,1
0.279,0.054,9.10547417008254,1.09138363510431,22.5669491747808,1
0.282,0.054,9.03906851652654,0.980089385798148,5.45357009715933,1
0.285,0.054,8.96972563800616,0.867053959467609,-12.2918518007622,1
0.288,0.054,8.89363775144852,0.754651409084454,-30.8452505253856,1
0.291,0.054,8.80622792647273,0.645738164953097,-50.3703146689472,1
0.294,0.054,8.70219296560228,0.543788110404424,-70.8893404523072,1
0.297,0.054,8.57633674032197,0.453008521862484,-91.3609096225088,1
0.3,0.054,8.43004417396959,0.378322438283195,-103.155133943399,4
0.0,0.056,6.0,1.0,1337.77246425173,3
0.003,0.056,6.01536501387124,1.19143232987488,1342.56934550101,1
0.006,0.056,6.04981937465173,1.35196504290723,1348.52998563822,1
0.009,0.056,6.10130055928392,1.48010587729778,1353.3537800555,1
0.012,0.056,6.16577896830758,1.57548127430541,1356.7394139619,1
0.015,0.056,6.23915654986247,1.63880349907432,1358.70476017773,1
0.018,0.056,6.31769812381483,1.6717286887027,1359.33894832237,1
0.021,0.056,6.39820014159924,1.67665865552275,1358.75932104308,1
0.024,0.056,6.47806779975145,1.65651877974623,1357.09775609644,1
0.027,0.056,6.55533045472463,1.61453817843692,1354.49186943607,1
0.03,0.056,6.62860993480867,1.55405172972617,1351.07805845178,1
0.033,0.056,6.69705614053366,1.47833607835197,1346.98616122963,1
0.036,0.056,6.76026391677462,1.39048476997195,1342.33570170009,1
0.039,0.056,6.81818320584263,1.29332213056864,1337.23357842427,1
0.042,0.056,6.87103159636547,1.18935179894494,1331.77296435554,1
0.045,0.056,6.91921531298464,1.08073384221755,1326.03314852426,1
0.048,0.056,6.96326195853381,0.969283781708711,1320.0800560043,1
0.051,0.056,7.00376617794198,0.856487191467106,1313.96721313885,1
0.054,0.056,7.04134791819485,0.74352439904607,1307.73696723898,1
0.057,0.056,7.07662204590219,0.631300903495031,1301.42181439922,1
0.06,0.056,7.1101776314131,0.5204802168573,1295.04573001913,1
0.063,0.056,7.14256508287423,0.411516811032092,1288.62543124891,1
0.066,0.056,7.17428939659282,0.304687657372066,1282.17152800553,1
0.069,0.056,7.20580798840697,0.200121471885111,1275.68953972392,1
0.072,0.056,7.23753181811915,0.0978252396285638,1269.18076951604,1
0.075,0.056,7.26982877232759,-0.002292085422118,1262.64303703444,1
0.078,0.056,7.30302850507563,-0.100398594509599,1256.07127719925,1
0.081,0.056,7.33742813819235,-0.196720908387972,1249.45801504397,1
0.084,0.056,7.37329838979553,-0.291527812204777,1242.79372808838,1
0.087,0.056,7.41088983078028,-0.385115684827929,1236.0671075002,1
0.09,0.056,7.45043906829861,-0.477795355160785,1229.26522834501,1
0.093,0.056,7.4921747262299,-0.569880021991931,1222.3736377978,1
0.096,0.056,7.53632313939813,-0.661673886502367,1215.3763685535,1
0.099,0.056,7.58311370419144,-0.753461163494911,1208.25588300749,1
0.102,0.056,7.63278383583857,-0.845495156521494,1200.99295221866,1
0.105,0.056,7.68558347353943,-0.937987102813475,1193.56647233011,1
0.108,0.056,7.74177904968081,-1.03109451717204,1185.95322012095,1
0.111,0.056,7.80165679844918,-1.12490879207529,1178.12754882667,1
0.114,0.056,7.86552522162393,-1.21944184807172,1170.06102546348,1
0.117,0.056,7.93371645422455,-1.31461167971891,1161.72201184543,1
0.12,0.056,8.00658617917889,-1.41022671572068,1153.07519358977,1
0.123,0.056,8.08451162836604,-1.50596901793846,1144.08106505228,1
0.126,0.056,8.16788707942793,-1.60137649601106,1134.69538381404,1
0.129,0.056,8.25711611964286,-1.69582452894838,1124.8686166471,1
0.132,0.056,8.35259981235301,-1.78850768148276,1114.54541049383,1
0.135,0.056,8.45471979041258,-1.87842260139309,1103.66413757564,1
0.138,0.056,8.56381525203058,-1.96435370185352,1092.15658382487,1
0.141,0.056,8.68015290435599,-2.04486387722205,1079.94787449593,1
0.144,0.056,8.80388917095437,-2.11829325561074,1066.95675925499,1
0.147,0.056,8.93502455839638,-2.18276979806618,1053.09640889221,1
0.15,0.056,9.07335108954959,-2.23623628260139,1038.27590218015,1
0.153,0.056,9.2183952734966,-2.27649862935657,1022.40259588377,1
0.156,0.056,9.3693612478148,-2.30130027040426,1005.38556052377,1
0.159,0.056,9.52508139659228,-2.30842586043693,987.140211248867,1
0.162,0.056,9.68398453616962,-2.29583452957996,967.594145275731,1
0.165,0.056,9.84409389102207,-2.26181770317133,946.693993431345,1
0.168,0.056,10.0030673496693,-2.20516933150427,924.412792513822,1
0.171,0.056,10.1582894644388,-2.12534815325789,900.757006095708,1
0.174,0.056,10.3070172377707,-2.02260454256578,875.771940042683,1
0.177,0.056,10.4465700406407,-1.89804182427314,849.544072595143,1
0.18,0.056,10.5745402521664,-1.75358704502155,822.198968244277,1
0.183,0.056,10.6889898358523,-1.59186065044123,793.89414883452,1
0.186,0.056,10.7885943918185,-1.41595620711501,764.807509182813,1
0.189,0.056,10.8727037063452,-1.229163900005,735.123198682003,1
0.192,0.056,10.941305484023,-1.03468677610407,705.017742861818,1
0.195,0.056,10.9949010764071,-0.835400627387327,674.649113468097,1
0.198,0.056,11.0343208928345,-0.633696692014896,644.150522482226,1
0.201,0.056,11.0605171065532,-0.431426231830654,613.629402582312,1
0.204,0.056,11.0743710672443,-0.229944925174282,583.170904402336,1
0.207,0.056,11.0765452881793,-0.030238554048626,552.844588911333,1
0.21,0.056,11.0673992170171,0.166898334160471,522.712796779235,1
0.213,0.056,11.0469774020367,0.360663255464997,492.839238738407,1
0.216,0.056,11.0150692144946,0.550059090688111,463.296481958965,1
0.219,0.056,10.9713304723365,0.73375093653942,434.171125627304,1
0.222,0.056,10.9154484094658,0.909992869135222,405.565610806352,1
0.225,0.056,10.8473229191668,1.07664201716356,377.595932974018,1
0.228,0.056,10.7672311406195,1.23126320523648,350.385154647826,1
0.231,0.056,10.675942559796,1.37130952063366,324.053538995712,1
0.234,0.056,10.5747601622291,1.49434691960538,298.707082418387,1
0.237,0.056,10.4654789358653,1.59828048480248,274.426776341416,1
0.24,0.056,10.3502715870677,1.68154065271168,251.260737134081,1
0.243,0.056,10.2315263368868,1.74319966679826,229.220446381189,1
0.246,0.056,10.1116682904393,1.78300698141586,208.281160086305,1
0.249,0.056,9.99299317552232,1.80135057922204,188.385583057836,1
0.252,0.056,9.87753299125256,1.79916382327401,169.449450732379,1
0.255,0.056,9.76696167655876,1.77780256733036,151.367695895543,1
0.258,0.056,9.66253903907235,1.73891591038427,134.020204140062,1
0.261,0.056,9.56508480763202,1.68432885563659,117.276569508536,1
0.264,0.056,9.47497197511348,1.61594886757897,100.999616679067,1
0.267,0.056,9.39212873271618,1.53570271630921,85.0477059887567,1
0.27,0.056,9.31604010474259,1.44550586744505,69.2759821200003,1
0.273,0.056,9.24574287017499,1.34726408217796,53.5367880204272,1
0.276,0.056,9.17980982184467,1.24290548933216,37.6794682395269,1
0.279,0.056,9.11632148718259,1.13444070287825,21.5497543462602,1
0.282,0.056,9.05282496284453,1.02404814760302,4.98889726374548,1
0.285,0.056,8.98628059901281,0.914181305010042,-12.1671369341631,1
0.288,0.056,8.91299907954091,0.807693903252288,-30.0865745078684,1
0.291,0.056,8.82858240143749,0.707977900665056,-48.9257959696869,1
0.294,0.056,8.72796176505986,0.619106004999563,-68.7055924100822,1
0.297,0.056,8.60619242034556,0.545954924566666,-88.4237675627484,1
0.3,0.056,8.4646762899919,0.494183249248199,-99.7722945390578,4
0.0,0.058,6.0,1.0,1330.84509345441,3
0.003,0.058,6.01490450378054,1.17575544547965,1335.52254055986,1
0.006,0.058,6.04851155801899,1.32331672765616,1341.39939278373,1
0.009,0.058,6.09906031192879,1.44128412697348,1346.24905285504,1
0.012,0.058,6.16286928343498,1.52922920804299,1349.77388742228,1
0.015,0.058,6.23614681907549,1.58767591477361,1351.98060936961,1
0.018,0.058,6.31539027004368,1.61798852289994,1352.94194720078,1
0.021,0.058,6.39754153633695,1.62221018360956,1352.75655055068,1
0.024,0.058,6.4800636765371,1.60287785725129,1351.53714263866,1
0.027,0.058,6.56096532748706,1.56283498013796,1349.40310543585,1
0.03,0.058,6.63878410818868,1.50505854906138,1346.47449763276,1
0.033,0.058,6.71254002802232,1.43251174125178,1342.86729618495,1
0.036,0.058,6.78167008610802,1.34802768467772,1338.68988405222,1
0.039,0.058,6.84595412985606,1.25422537999824,1334.04071876603,1
0.042,0.058,6.9054400240225,1.15345545520214,1329.0070311102,1
0.045,0.058,6.96037384390702,1.04777144345302,1323.66435880188,1
0.048,0.058,7.01113858802493,0.938921416375346,1318.07671092362,1
0.051,0.058,7.05820306169409,0.828354778761641,1312.29717324854,1
0.054,0.058,7.10208121059407,0.717239529885269,1306.3687918893,1
0.057,0.058,7.14330127117397,0.606486063297896,1300.3256049012,1
0.06,0.058,7.1823835816531,0.496774422704106,1294.1937232865,1
0.063,0.058,7.21982566970057,0.388582735965289,1287.99239123621,1
0.066,0.058,7.25609320872816,0.28221524792081,1281.7349790133,1
0.069,0.058,7.2916155362226,0.177828940824282,1275.42988033574,1
0.072,0.058,7.32678459524222,0.0754581693132379,1269.08129981436,1
0.075,0.058,7.36195635254394,-0.0249629407349603,1262.68992561641,1
0.078,0.058,7.39745393717368,-0.12358035326653,1256.25348884154,1
0.081,0.058,7.43357191645545,-0.220602114670255,1249.76721486779,1
0.084,0.058,7.4705812747539,-0.316282253046507,1243.22417381365,1
0.087,0.058,7.50873478183744,-0.41090630232515,1236.61553781449,1
0.09,0.058,7.54827253274757,-0.504778139533898,1229.93075245634,1
0.093,0.058,7.58942751184001,-0.598207811089983,1223.15762877485,1
0.096,0.058,7.63243108259894,-0.691500022197304,1216.28236095359,1
0.099,0.058,7.67751833425164,-0.784942967697231,1209.28947342836,1
0.102,0.058,7.72493322788566,-0.878797190326305,1202.1616996619,1
0.105,0.058,7.77493347970486,-0.973284162152808,1194.87979351933,1
0.108,0.058,7.82779509742482,-1.06857429733118,1187.42227306915,1
0.111,0.058,7.88381644693268,-1.16477412104273,1179.76509589726,1
0.114,0.058,7.94332166878729,-1.26191234405726,1171.88126483328,1
0.117,0.058,8.00666318590192,-1.35992463023597,1163.74036359228,1
0.12,0.058,8.07422294260337,-1.45863690350834,1155.30802356568,1
0.123,0.058,8.14641188939359,-1.55774713258989,1146.54532630482,1
0.126,0.058,8.22366707686981,-1.65680567109297,1137.40815172823,1
0.129,0.058,8.30644554942432,-1.7551944374512,1127.84649051839,1
0.132,0.058,8.3952140437317,-1.8521055178298,1117.80375149285,1
0.135,0.058,8.49043331822084,-1.94652019461543,1107.21611200123,1
0.138,0.058,8.59253580369681,-2.03718997303538,1096.01198267491,1
0.141,0.058,8.70189523220451,-2.12262192312581,1084.11168791735,1
0.144,0.058,8.81878706427273,-2.20107157871211,1071.42750035528,1
0.147,0.058,8.94333902704745,-2.27054770187823,1057.8642094273,1
0.15,0.058,9.07547206989855,-2.32883431447708,1043.32044683074,1
0.153,0.058,9.21483373116532,-2.37353627384364,1027.69102560212,1
0.156,0.058,9.3607284428336,-2.40215490421061,1010.87055965893,1
0.159,0.058,9.51205268000186,-2.41219915551392,992.758593147668,1
0.162,0.058,9.66724675842562,-2.40133465346713,973.266352172951,1
0.165,0.058,9.82427861967655,-2.36756707859264,952.324998816216,1
0.168,0.058,9.98067655465472,-2.3094472959592,929.894888360332,1
0.171,0.058,10.1336253872222,-2.22627441712554,905.974806449547,1
0.174,0.058,10.280132182361,-2.11826217220787,880.609571908183,1
0.177,0.058,10.4172525202823,-1.98662817955979,853.893943491261,1
0.18,0.058,10.5423492730711,-1.83357025221193,825.970813441243,1
0.183,0.058,10.6533387965995,-1.66211205581306,797.02255100664,1
0.186,0.058,10.7488726512655,-1.47583004466875,767.256096481244,1
0.189,0.058,10.8284122338802,-1.27850562992197,736.88443299894,1
0.192,0.058,10.8921780822773,-1.07376834754704,706.108392089293,1
0.195,0.058,10.9409864971611,-0.864798104108797,675.102637010036,1
0.198,0.058,10.9760116987263,-0.654137152662886,644.008210223941,1
0.201,0.058,10.9985237021236,-0.443633834921815,612.932065464646,1
0.204,0.058,11.0096495432822,-0.234511776806444,581.952436817918,1
0.207,0.058,11.010193559538,-0.0275380724291398,551.128135507335,1
0.21,0.058,11.0005378795843,0.176746179306709,520.509777160152,1
0.213,0.058,10.9806315514792,0.377772554505007,490.151160878594,1
0.216,0.058,10.9500666503424,0.574708280762827,460.119239223726,1
0.219,0.058,10.9082305236854,0.76627269796152,430.501219392443,1
0.222,0.058,10.8545130648677,0.950640204317495,401.407408259852,1
0.225,0.058,10.788536594484,1.12545327245518,372.968699822338,1
0.228,0.058,10.7103667753668,1.28795200132158,345.328369257138,1
0.231,0.058,10.6206613497115,1.43520291595577,318.629138448686,1
0.234,0.058,10.5207236419529,1.56438553500174,292.997940616474,1
0.237,0.058,10.4124491273682,1.67307996117848,268.53171176892,1
0.24,0.058,10.2981792184567,1.75949967960743,245.287275340034,1
0.243,0.058,10.1804970274554,1.82263105410813,223.277009452965,1
0.246,0.058,10.0620079943604,1.86226731282667,202.470199368211,1
0.249,0.058,9.94514297356806,1.87894972652637,182.798610998723,1
0.252,0.058,9.83200738393563,1.87384456736026,164.164285464783,1
0.255,0.058,9.72428409424043,1.84858920614743,146.447742637545,1
0.258,0.058,9.62318502855072,1.80513684058947,129.515336384923,1
0.261,0.058,9.52943920164019,1.74562112392449,113.225103762398,1
0.264,0.058,9.44330267775562,1.67225313704348,97.4309223385702,1
0.267,0.058,9.3645771889704,1.58725594121135,81.9850898336819,1
0.27,0.058,9.29262710914887,1.49283711402776,66.739590857075,1
0.273,0.058,9.22638783723503,1.39119700367055,51.5463597953879,1
0.276,0.058,9.16436162622137,1.28456931179182,36.2568273513069,1
0.279,0.058,9.10459916385737,1.17529035640364,20.7209834404799,1
0.282,0.058,9.04466670772761,1.0658934252111,4.78614220067095,1
0.285,0.058,8.98159949503096,0.95922464264322,-11.7042742708348,1
0.288,0.058,8.91184369281991,0.858576523376967,-28.9101745668706,1
0.291,0.058,8.8311994456486,0.76783458738107,-46.9799761828856,1
0.294,0.058,8.7348534878717,0.691629431876133,-65.9327828985936,1
0.297,0.058,8.61813229843577,0.635469800264085,-84.8098964507532,1
0.3,0.058,8.48244585280302,0.605718962508481,-95.662446542618,4
0.0,0.06,6.0,1.0,1324.52268954362,3
0.003,0.06,6.01449038606757,1.16049597555847,1329.09158177448,1
0.006,0.06,6.04732644223758,1.29527196630768,1334.88856964463,1
0.009,0.06,6.09700766608887,1.40301915432492,1339.75359652031,1
0.012,0.06,6.16015746157151,1.48327502977993,1343.39313601082,1
0.015,0.06,6.23325684501574,1.53641426045153,1345.8050793097,1
0.018,0.06,6.31301562703864,1.56355982226414,1347.04876668067,1
0.021,0.06,6.39651548613881,1.56645095168308,1347.20732632473,1
0.024,0.06,6.4812844349149,1.54728859277738,1346.37731495783,1
0.027,0.06,6.56532710370014,1.50857571910919,1344.66245798737,1
0.03,0.06,6.64711948890839,1.4529666469028,1342.16852133478,1
0.033,0.06,6.725576562898,1.38313532029411,1338.99910389731,1
0.036,0.06,6.80000163171808,1.30166824115507,1335.25240176346,1
0.039,0.06,6.87002579732159,1.21098391445392,1331.01893039778,1
0.042,0.06,6.93554452576356,1.11327777525484,1326.38011431253,1
0.045,0.06,6.9966565779738,1.01048966326616,1321.40760696556,1
0.048,0.06,7.05360879145929,0.904289924287006,1316.16318571759,1
0.051,0.06,7.10674864735735,0.796079948676002,1310.69906972966,1
0.054,0.06,7.15648533318249,0.687003179625054,1305.05852463398,1
0.057,0.06,7.20325914103408,0.57796313312836,1299.27664013133,1
0.06,0.06,7.24751849022907,0.469645605592236,1293.38119067371,1
0.063,0.06,7.28970357071747,0.362542892026614,1287.39351209327,1
0.066,0.06,7.33023550079231,0.256978429895365,1281.3293468052,1
0.069,0.06,7.36950991676559,0.153130787430909,1275.19962637574,1
0.072,0.06,7.40789401225939,0.0510563206131081,1269.01117277401,1
0.075,0.06,7.445726182356,-0.049289865389253,1262.76730884324,1
0.078,0.06,7.48331757675222,-0.148034784632759,1256.4683749318,1
0.081,0.06,7.52095500962161,-0.24537023989372,1250.1121527567,1
0.084,0.06,7.55890480265663,-0.341537153260814,1243.69419994539,1
0.087,0.06,7.59741724724837,-0.436811345180412,1237.20809975994,1
0.09,0.06,7.63673146061359,-0.531490504042792,1230.64563061775,1
0.093,0.06,7.67708047931248,-0.625882061702345,1223.99685947481,1
0.096,0.06,7.71869648321479,-0.720291675537995,1217.2501621546,1
0.099,0.06,7.76181607488757,-0.8150120100245,1210.39217246099,1
0.102,0.06,7.8066855545882,-0.910311507198254,1203.40766054329,1
0.105,0.06,7.85356612994004,-1.00642283423075,1196.27933960561,1
0.108,0.06,7.90273898154316,-1.10353069733597,1188.98759878977,1
0.111,0.06,7.95451006993642,-1.20175871566935,1181.51015905078,1
0.114,0.06,8.00921451325658,-1.30115505966348,1173.82164826737,1
0.117,0.06,8.06722028554309,-1.40167658046342,1165.89309194185,1
0.12,0.06,8.12893087915379,-1.50317119863759,1157.69131699824,1
0.123,0.06,8.19478643723903,-1.60535839270547,1149.17826888954,1
0.126,0.06,8.26526269045244,-1.70780774761911,1140.31024716709,1
0.129,0.06,8.34086682525411,-1.80991571263107,1131.03707278389,1
0.132,0.06,8.4221291737531,-1.91088100669839,1121.30121291752,1
0.135,0.06,8.50958936143174,-2.00967953515195,1111.03690751326,1
0.138,0.06,8.60377531075536,-2.10504028762841,1100.16936778362,1
0.141,0.06,8.705173334436,-2.19542451919292,1088.61415226244,1
0.144,0.06,8.81418756170547,-2.27901160775462,1076.27687187236,1
0.147,0.06,8.93108727986891,-2.35369632846743,1063.05343151278,1
0.15,0.06,9.05594166340829,-2.41710380677767,1048.8310785194,1
0.153,0.06,9.18854308456454,-2.46662987530315,1033.49058915796,1
0.156,0.06,9.32832304211941,-2.49951549932214,1016.90996574061,1
0.159,0.06,9.47426887942928,-2.51296356657854,998.970009731533,1
0.162,0.06,9.62485470032088,-2.50430354598579,979.562036618017,1
0.165,0.06,9.77800533987904,-2.47120304801787,958.597748987184,1
0.168,0.06,9.93111597247599,-2.41191429518217,936.020823876311,1
0.171,0.06,10.0811489306593,-2.32552841465098,911.819064226502,1
0.174,0.06,10.224820210409,-2.21219432997214,886.035072494915,1
0.177,0.06,10.3588691327297,-2.07324811888829,858.772590951635,1
0.18,0.06,10.4803781351366,-1.91120134590879,830.19545360569,1
0.183,0.06,10.5870841041169,-1.72955937522683,800.517146252985,1
0.186,0.06,10.6776105688167,-1.532481378373,769.981470429363,1
0.189,0.06,10.7515613986573,-1.32433978641228,738.837937321311,1
0.192,0.06,10.8094507968799,-1.10926865391516,707.317631387753,1
0.195,0.06,10.8524881847623,-0.890793016034154,675.615084996173,1
0.198,0.06,10.8822715945957,-0.671604865042396,643.879376505059,1
0.201,0.06,10.9004571593894,-0.453510035427717,612.214671879432,1
0.204,0.06,10.9084652077197,-0.237532023410242,580.688257598043,1
0.207,0.06,10.9072646115197,-0.0241346571046219,549.343292733928,1
0.21,0.06,10.8972571244343,0.186483615128738,518.213675075952,1
0.213,0.06,10.878268611078,0.394071114698976,487.338913127141,1
0.216,0.06,10.8496443481028,0.598024985564436,456.777244731002,1
0.219,0.06,10.8104370930754,0.797157435360937,426.615288833999,1
0.222,0.06,10.7596652173131,0.989567338417769,396.972409861626,1
0.225,0.06,10.69660302689,1.17264971492619,367.998116169911,1
0.228,0.06,10.6210509210156,1.34325537938757,339.861700308524,1
0.231,0.06,10.5335279013931,1.49798132293295,312.735168884477,1
0.234,0.06,10.435340885399,1.63353780709761,286.772785687319,1
0.237,0.06,10.3285145198102,1.74711539470986,262.092051441803,1
0.24,0.06,10.2156017828617,1.83667622713308,238.760590867319,1
0.243,0.06,10.0994243801217,1.90111929762623,216.791261442372,1
0.246,0.06,9.98280174928056,1.94030741822032,196.145057316055,1
0.249,0.06,9.86831773204172,1.95497782525686,176.739435700947,1
0.252,0.06,9.75815279612066,1.94657800122688,158.459115532951,1
0.255,0.06,9.653987524117,1.91707159772713,141.1668843075,1
0.258,0.06,9.55696702571793,1.86875127714664,124.712866210623,1
0.261,0.06,9.46770809705224,1.80408262045846,108.941571274544,1
0.264,0.06,9.38632991720373,1.72559115609351,93.6966572700262,1
0.267,0.06,9.31249208399403,1.6357956126395,78.823680048611,1
0.27,0.06,9.2454283419277,1.53718514116206,64.1712482355465,1
0.273,0.06,9.18396880414557,1.4322358052512,49.5910090967826,1
0.276,0.06,9.12654702433778,1.32346106494972,34.9368334246579,1
0.279,0.06,9.07119071563022,1.21349135180504,20.0634801960496,1
0.282,0.06,9.01549633056394,1.10517847994387,4.82494996864965,1
0.285,0.06,8.95658842456959,1.00172116380621,-10.9271583840831,1
0.288,0.06,8.8910659663909,0.906808100250362,-27.3436145672425,1
0.291,0.06,8.81494730387216,0.824774622238288,-44.5639942300708,1
0.294,0.06,8.72369740788723,0.760766045336331,-62.6052876395753,1
0.297,0.06,8.61293638887901,0.720882663404634,-80.5562486493765,1
0.3,0.06,8.48407741659908,0.712157352943073,-90.8637205006152,4
0.0,0.062,6.0,1.0,1318.7586489636,3
0.003,0.062,6.01411728053831,1.14561389993397,1323.22881163851,1
0.006,0.062,6.04625131186096,1.26778093193436,1328.95019300287,1
0.009,0.062,6.09512707090643,1.36528088114185,1333.82263075625,1
0.012,0.062,6.15763554606808,1.43763332542778,1337.55688867999,1
0.015,0.062,6.23050037814307,1.48509522128752,1340.14384753259,1
0.018,0.062,6.3106246985699,1.50859005287771,1341.63186493997,1
0.021,0.062,6.39522268210323,1.50959938629365,1342.09113657212,1
0.024,0.062,6.48189089178507,1.49003347034064,1341.60454866535,1
0.027,0.062,6.56864215123981,1.45209503643909,1340.26238024135,1
0.03,0.062,6.65390873264914,1.39814818035001,1338.15791508254,1
0.033,0.062,6.73652122790214,1.330601152244,1335.38374170492,1
0.036,0.062,6.81567011643354,1.25180852834963,1332.02880504008,1
0.039,0.062,6.89085690797118,1.16399513472973,1328.1762293836,1
0.042,0.062,6.96184087368522,1.06920159563427,1323.90186558959,1
0.045,0.062,7.0285861053808,0.969249627355144,1319.27346983697,1
0.048,0.062,7.09121225687404,0.86572417189717,1314.35039869293,1
0.051,0.062,7.14995103572572,0.759969042760482,1309.1837006404,1
0.054,0.062,7.20510944661451,0.653092777033805,1303.81649181424,1
0.057,0.062,7.25703998415285,0.545981694473371,1298.28451821744,1
0.06,0.062,7.30611742551708,0.439317620998768,1292.61682417587,1
0.063,0.062,7.35272154519631,0.333598241045161,1286.83646447894,1
0.066,0.062,7.3972249169298,0.22915853427525,1280.96121384916,1
0.069,0.062,7.4399849327228,0.126192189397059,1275.0042412113,1
0.072,0.062,7.48133921312514,0.0247722544340161,1268.97472739032,1
0.075,0.062,7.52160367296308,-0.0751294239965614,1262.87841342334,1
0.078,0.062,7.56107261769418,-0.173624194425315,1256.71807289315,1
0.081,0.062,7.60002036067318,-0.270890081963619,1250.4939059386,1
0.084,0.062,7.63870396032616,-0.367156691717942,1244.20385524665,1
0.087,0.062,7.67736677258205,-0.46269138433573,1237.84384572838,1
0.09,0.062,7.7162425950786,-0.557786516412939,1231.4079500294,1
0.093,0.062,7.75556024473927,-0.652747499853978,1224.88848176898,1
0.096,0.062,7.79554845941227,-0.747881408106871,1218.27601764001,1
0.099,0.062,7.83644104781777,-0.843485838726065,1211.55934838679,1
0.102,0.062,7.8784822303689,-0.939837727568897,1204.72535733539,1
0.105,0.062,7.92193211633601,-1.03718179803157,1197.75882368952,1
0.108,0.062,7.96707224938538,-1.13571831827613,1190.6421463321,1
0.111,0.062,8.01421112187623,-1.23558983097623,1183.35498251747,1
0.114,0.062,8.06368950548093,-1.33686651596443,1175.87379477136,1
0.117,0.062,8.1158853675582,-1.43952985070739,1168.17129878262,1
0.12,0.062,8.17121803395185,-1.54345425411068,1160.21580543101,1
0.123,0.062,8.23015111328102,-1.64838644715862,1151.97045187866,1
0.126,0.062,8.29319350882913,-1.75392235627586,1143.39232062154,1
0.129,0.062,8.36089760642944,-1.85948154647545,1134.43145263271,1
0.132,0.062,8.43385343861949,-1.96427943539372,1125.02977271994,1
0.135,0.062,8.51267729353657,-2.06729795195716,1115.11996393793,1
0.138,0.062,8.5979928845428,-2.16725592301203,1104.62435582057,1
0.141,0.062,8.69040287504618,-2.26258136633161,1093.45393119017,1
0.144,0.062,8.79044836097401,-2.35138910817464,1081.50761117328,1
0.147,0.062,8.89855402041989,-2.43146877410628,1068.67204960056,1
0.15,0.062,9.01495731263383,-2.50029019800683,1054.82225510637,1
0.153,0.062,9.13962172469835,-2.55503547478141,1039.8234549092,1
0.156,0.062,9.27213708594906,-2.59266878025089,1023.53470082198,1
0.159,0.062,9.41161482001812,-2.61005578573089,1005.8147614288,1
0.162,0.062,9.55659277364252,-2.60414253297383,986.530787737284,1
0.165,0.062,9.7049722031284,-2.57219706873653,965.569999177998,1
0.168,0.062,9.8540163887097,-2.51210413724296,942.854106070978,1
0.171,0.062,10.0004420807285,-2.42268339811854,918.355264319205,1
0.174,0.062,10.1406261802399,-2.30397803402934,892.111049051596,1
0.177,0.062,10.2709265754807,-2.15744151151202,864.234530311987,1
0.18,0.062,10.3880794423381,-1.98594845433657,834.91483037556,1
0.183,0.062,10.4895967951008,-1.79358269309418,804.404689543477,1
0.186,0.062,10.5740670060645,-1.58521186272969,772.995171174593,1
0.189,0.062,10.6412744661691,-1.36592509435863,740.982557305975,1
0.192,0.062,10.6921031641944,-1.14045730268075,708.635924460914,1
0.195,0.062,10.7282522096094,-0.912726215493826,676.173528031617,1
0.198,0.062,10.7518398556712,-0.68556730539258,643.752315041864,1
0.201,0.062,10.7649879868146,-0.460691112608412,611.470254887357,1
0.204,0.062,10.7694636174287,-0.2388355798576,579.3781818252,1
0.207,0.062,10.7664241655267,-0.020058255168555,547.4971108597,1
0.21,0.062,10.756286034528,0.195892206857395,515.837673990479,1
0.213,0.062,10.7387195343077,0.409180226469512,484.419290919038,1
0.216,0.062,10.7127657347984,0.619512750964689,453.287228802162,1
0.219,0.062,10.6770650183081,0.825843322200189,422.525630611866,1
0.222,0.062,10.6301752157331,1.02620188590189,392.264137970296,1
0.225,0.062,10.5709367068559,1.21769591922904,362.675531528097,1
0.228,0.062,10.4988188289114,1.39670551779397,333.962740847991,1
0.231,0.062,10.4141701838409,1.55925243081581,306.336180645215,1
0.234,0.062,10.3183087320811,1.70147263570534,279.98597247402,1
0.237,0.062,10.2134280980022,1.82008727435587,255.056163396163,1
0.24,0.062,10.1023492635252,1.91276780541109,231.627585969878,1
0.243,0.062,9.98818749898497,1.97832925673113,209.712551888072,1
0.246,0.062,9.87401584118985,2.01674101223069,189.260294641124,1
0.249,0.062,9.76258904622365,2.02899191588581,170.169307053851,1
0.252,0.062,9.65615983143936,2.01687009342272,152.302221155815,1
0.255,0.062,9.5563885247364,1.98271760363346,135.499920183487,1
0.258,0.062,9.46432740657544,1.92920517475356,119.593053091885,1
0.261,0.062,9.38045345216859,1.85915335982023,104.410346605206,1
0.264,0.062,9.30472446734576,1.77541034388336,89.7838745303529,1
0.267,0.062,9.23663929659703,1.68078596707923,75.5518098848414,1
0.27,0.062,9.17528942842105,1.57803603810096,61.5592854211643,1
0.273,0.062,9.11939503737177,1.46988923196474,47.6579403200234,1
0.276,0.062,9.06732260980933,1.35910920256238,33.7046166003496,1
0.279,0.062,9.01708382074036,1.24858576879891,19.5595385192705,1
0.282,0.062,8.96631657021678,1.1414503849578,5.08420564065795,1
0.285,0.062,8.91224951252096,1.04121218190379,-9.86069310912424,1
0.288,0.062,8.85165229283069,0.951911480609588,-25.4157706803907,1
0.291,0.062,8.78078242151601,0.878287545466608,-41.7106780527199,1
0.294,0.062,8.69540725025131,0.825954525722398,-58.7596387647719,1
0.297,0.062,8.59146519915503,0.801560081572615,-75.70247086134,1
0.3,0.062,8.47037168395693,0.812766679321889,-85.4172793483059,4
0.0,0.064,6.0,1.0,1313.5123022073,3
0.003,0.064,6.01378068162964,1.13107343546599,1317.89265582494,1
0.006,0.064,6.04527537504257,1.24079766599505,1323.54288857124,1
0.009,0.064,6.09340495555255,1.32803849214966,1328.41678954188,1
0.012,0.064,6.15529568480327,1.39231023431242,1332.2294277834,1
0.015,0.064,6.22788706463769,1.43377780311401,1334.96608233473,1
0.018,0.064,6.3082575212031,1.4531998934537,1336.66605712094,1
0.021,0.064,6.39374547166072,1.4518395322859,1337.38873463709,1
0.024,0.064,6.48201702746807,1.43135543986502,1337.20541771242,1
0.027,0.064,6.57110182847807,1.39368573542489,1336.19483137994,1
0.03,0.064,6.65940243409357,1.3409339535266,1334.43937154554,1
0.033,0.064,6.74568207682025,1.27526509116316,1332.02186380088,1
0.036,0.064,6.82903627936196,1.19881680873485,1329.02289859395,1
0.039,0.064,6.90885395580505,1.11362839479008,1325.51878273339,1
0.042,0.064,6.98477310986339,1.02158798416816,1321.5800909241,1
0.045,0.064,7.05663533771133,0.924396944345274,1317.27075852722,1
0.048,0.064,7.12444227603234,0.823549336588032,1312.64763222982,1
0.051,0.064,7.18831608911907,0.720323850635894,1307.76038593208,1
0.054,0.064,7.24846517676397,0.615785493657946,1302.65171072909,1
0.057,0.064,7.30515556213311,0.510794465661478,1297.35769638052,1
0.06,0.064,7.35868789604749,0.406019965530499,1291.90833383013,1
0.063,0.064,7.40937967307319,0.301957057951624,1286.32808171814,1
0.066,0.064,7.45755206321823,0.198945130095675,1280.63645278769,1
0.069,0.064,7.50352068438477,0.0971868391536321,1274.84858765428,1
0.072,0.064,7.54758964076146,-0.0032332231825535,1268.97579311878,1
0.075,0.064,7.59004820221892,-0.10233065332054,1263.0260299385,1
0.078,0.064,7.63116957712957,-0.20020443412833,1257.00434082172,1
0.081,0.064,7.67121131972017,-0.297021331496251,1250.91321358763,1
0.084,0.064,7.71041700219877,-0.393001486710762,1244.75287719201,1
0.087,0.064,7.74901886468992,-0.488405110534272,1238.52152991838,1
0.09,0.064,7.78724122861892,-0.583520118399113,1232.21549970932,1
0.093,0.064,7.82530451970668,-0.678650497908026,1225.82933656569,1
0.096,0.064,7.86342979439877,-0.77410516405683,1219.35583633591,1
0.099,0.064,7.9018436980749,-0.87018702958655,1212.78599418494,1
0.102,0.064,7.94078380449026,-0.967181994081508,1206.10888467834,1
0.105,0.064,7.9805042929271,-1.06534753338679,1199.31146383026,1
0.108,0.064,8.02128191111916,-1.16490054925665,1192.37828673522,1
0.111,0.064,8.06342214580746,-1.26600411773388,1185.29113263716,1
0.114,0.064,8.10726547519957,-1.36875275500528,1178.02852763155,1
0.117,0.064,8.1531935035531,-1.47315580485819,1170.56515386731,1
0.12,0.064,8.20163467082992,-1.57911854878268,1162.87113345351,1
0.123,0.064,8.25306908138664,-1.68642065883871,1154.91117580245,1
0.126,0.064,8.30803179503535,-1.79469167130438,1146.64357964832,1
0.129,0.064,8.36711366101738,-1.90338328107256,1138.01908664689,1
0.132,0.064,8.43095844149397,-2.01173847981952,1128.97959400144,1
0.135,0.064,8.50025456281123,-2.11875793781958,1119.45675139075,1
0.138,0.064,8.57571936032713,-2.22316463196221,1109.37049587558,1
0.141,0.064,8.65807318341769,-2.32336864421457,1098.62762162991,1
0.144,0.064,8.74800028817578,-2.41743540558365,1087.12054418562,1
0.147,0.064,8.84609323586257,-2.50306254947132,1074.72650618909,1
0.15,0.064,8.9527778323497,-2.57757302649363,1061.30758620554,1
0.153,0.064,9.06821695816586,-2.63793513779424,1046.71201086917,1
0.156,0.064,9.19219461064684,-2.68082326804628,1030.77741865382,1
0.159,0.064,9.32398687341581,-2.7027353753785,1013.3368445497,1
0.162,0.064,9.46223490164984,-2.70018290386179,994.228219919322,1
0.165,0.064,9.60484603846219,-2.66996294478988,973.307996314617,1
0.168,0.064,9.74896058501487,-2.60950793197794,950.468938355302,1
0.171,0.064,9.89102824941125,-2.517282849386,925.660985029291,1
0.174,0.064,10.027031667898,-2.39316613902928,898.912217654385,1
0.177,0.064,10.152866473637,-2.23871856612441,870.344644814665,1
0.18,0.064,10.2648371623015,-2.05723347574494,840.177836712881,1
0.183,0.064,10.3601697500035,-1.85349295231946,808.714441815907,1
0.186,0.064,10.4374058551439,-1.63323263958158,776.306804779737,1
0.189,0.064,10.4965579537865,-1.40241760646635,743.311783423142,1
0.192,0.064,10.5389759294679,-1.16650258876099,710.046593286905,1
0.195,0.064,10.5669681657197,-0.929851957590733,676.757836079513,1
0.198,0.064,10.5832885345041,-0.695429969959051,643.609488191714,1
0.201,0.064,10.5906157602115,-0.464781386685512,610.688344957389,1
0.204,0.064,10.5911212760705,-0.238252099535526,578.021338954403,1
0.207,0.064,10.5861748098004,-0.0153695627871368,545.598846886108,1
0.21,0.064,10.5761998985067,0.204693980723175,513.399760594808,1
0.213,0.064,10.5606746466007,0.422636773524424,481.415822489851,1
0.216,0.064,10.538271233347,0.638572284945298,449.673533567792,1
0.219,0.064,10.5071278449843,0.851656697504744,418.251643459313,1
0.222,0.064,10.4652357358059,1.05986215678622,387.291166831063,1
0.225,0.064,10.4108963333569,1.25996062914415,356.993961844109,1
0.228,0.064,10.3431665946848,1.44775903667615,327.606663661132,1
0.231,0.064,10.2621869915433,1.61856873851689,299.390431433549,1
0.234,0.064,10.1692998195781,1.76781759079153,272.582761759928,1
0.237,0.064,10.0669224960089,1.89165838097528,247.362057739327,1
0.24,0.064,9.95821811947559,1.98742793732011,223.825042920698,1
0.243,0.064,9.84666417819846,2.05386917971909,201.981446582229,1
0.246,0.064,9.73563284408768,2.0911109880954,181.763591338231,1
0.249,0.064,9.62806585518218,2.1004664914124,163.044597676527,1
0.252,0.064,9.5262782024534,2.08413741379515,145.658795721166,1
0.255,0.064,9.43188268939758,2.04490436088201,129.419983090465,1
0.258,0.064,9.34580390899508,1.98585736686101,114.135502134593,1
0.261,0.064,9.26834448685714,1.91019355625175,99.6157883355245,1
0.264,0.064,9.19927179059439,1.82108804223702,85.6799448035701,1
0.267,0.064,9.13790282825703,1.72163217413599,72.1582358090208,1
0.27,0.064,9.08317431364182,1.6148283304323,58.8924035837089,1
0.273,0.064,9.03369192569143,1.50362998062796,45.7345702189544,1
0.276,0.064,8.98775731485111,1.39101742004558,32.5452945805248,1
0.279,0.064,8.94337382841313,1.28010190425447,19.1911686738483,1
0.282,0.064,8.89823284216959,1.17425306132546,5.54219913027995,1
0.285,0.064,8.84968262673671,1.07724609850123,-8.53073530343267,1
0.288,0.064,8.79468213515304,0.993426334555673,-23.1568915011371,1
0.291,0.064,8.72974990510442,0.927888732764196,-38.4547294232622,1
0.294,0.064,8.6509810603725,0.886667332759378,-54.4348428356961,1
0.297,0.064,8.55465894005482,0.876908784308756,-70.2913579330269,1
0.3,0.064,8.44220396203151,0.906859531490072,-79.3678525008343,4
0.0,0.066,6.0,1.0,1308.7480162814,3
0.003,0.066,6.01347681853206,1.11684237095342,1313.04670934164,1
0.006,0.066,6.04438950537017,1.21427959216257,1318.63036591601,1
0.009,0.066,6.09182960470013,1.29126084862349,1323.50138378655,1
0.012,0.066,6.15313054391592,1.34730520120975,1327.37903621076,1
0.015,0.066,6.22542382142381,1.38250650988133,1330.24410012266,1
0.018,0.066,6.30594631525175,1.39748760051961,1332.12837916079,1
0.021,0.066,6.39215191029005,1.39332614087884,1333.08218312068,1
0.024,0.066,6.4817753511167,1.37146316419085,1333.16697927182,1
0.027,0.066,6.5728688945664,1.33360364458133,1332.45155811044,1
0.03,0.066,6.66381619426462,1.28161746193126,1331.0088266334,1
0.033,0.066,6.75332702499475,1.21744745273228,1328.91297634291,1
0.036,0.066,6.84041713462726,1.14302924097992,1326.23708857689,1
0.039,0.066,6.92437778665013,1.0602255197631,1323.0512285744,1
0.042,0.066,7.0047393041088,0.970775672997354,1319.42103314916,1
0.045,0.066,7.08123230426782,0.876260236663029,1315.40675851823,1
0.048,0.066,7.15374950705777,0.778078745673476,1311.06273024823,1
0.051,0.066,7.22231016157793,0.677438966977569,1306.43712511182,1
0.054,0.066,7.28702836823466,0.57535530929509,1301.57201205509,1
0.057,0.066,7.34808593790378,0.472654236231211,1296.50358346109,1
0.06,0.066,7.40570994495851,0.369984706216431,1291.26251581277,1
0.063,0.066,7.46015479349095,0.267831946931498,1285.87440861838,1
0.066,0.066,7.5116884059995,0.166533188398703,1280.36026056364,1
0.069,0.066,7.56058203518504,0.0662942900642391,1274.73695131893,1
0.072,0.066,7.60710316563534,-0.0327935197447233,1269.01770570086,1
0.075,0.066,7.65151098919992,-0.130737329821754,1263.21252371999,1
0.078,0.066,7.6940539862249,-0.22762699400033,1257.3285654026,1
0.081,0.066,7.73496920964878,-0.323620516500102,1251.37048324505,1
0.084,0.066,7.77448293962677,-0.418930424853296,1245.34069789979,1
0.087,0.066,7.81281244573708,-0.513811084706522,1239.23961438101,1
0.09,0.066,7.85016865747075,-0.608546838109003,1233.06577688972,1
0.093,0.066,7.88675959902806,-0.703440791430648,1226.81596044886,1
0.096,0.066,7.92279449001128,-0.798804035521293,1220.48519703743,1
0.099,0.066,7.95848844857611,-0.894945044642998,1214.06673292248,1
0.102,0.066,7.99406775724874,-0.992158968428542,1207.55191249,1
0.105,0.066,8.02977566290486,-1.09071649982823,1200.92998213502,1
0.108,0.066,8.06587867965764,-1.19085196977736,1194.18780574954,1
0.111,0.066,8.10267334392468,-1.29275028524899,1187.30948111628,1
0.114,0.066,8.14049333067958,-1.39653229187726,1180.27584418319,1
0.117,0.066,8.17971677302011,-1.50223810773379,1173.06384593056,1
0.12,0.066,8.22077352571062,-1.60980794615048,1165.64578463736,1
0.123,0.066,8.26415196674582,-1.71905993187187,1157.98837527868,1
0.126,0.066,8.31040472595936,-1.82966443166917,1150.05163830567,1
0.129,0.066,8.36015245048125,-1.94111449247655,1141.78759337706,1
0.132,0.066,8.41408434637345,-2.05269214522557,1133.13875157783,1
0.135,0.066,8.47295375887725,-2.16343064809318,1124.0364150524,1
0.138,0.066,8.53756646396592,-2.27207329209343,1114.39881982574,1
0.141,0.066,8.60875865698864,-2.3770302910919,1104.12920149619,1
0.144,0.066,8.68736090218038,-2.4763366804401,1093.11393180601,1
0.147,0.066,8.77414369931247,-2.56761623582905,1081.22097553453,1
0.15,0.066,8.86974013179009,-2.6480593726509,1068.29906016178,1
0.153,0.066,8.97454182230099,-2.71442687118012,1054.17813955522,1
0.156,0.066,9.08856699700315,-2.7630958669464,1038.67195979961,1
0.159,0.066,9.211305029945,-2.79016896042206,1021.5837675247,1
0.162,0.066,9.34155165515983,-2.79166947418535,1002.71636208933,1
0.165,0.066,9.47726361141428,-2.76384211132828,981.887637517236,1
0.168,0.066,9.61547902065514,-2.70356333122385,958.952245402273,1
0.171,0.066,9.75236402700019,-2.60883473504335,933.828678037367,1
0.174,0.066,9.88344517303499,-2.47928557802048,906.528531578159,1
0.177,0.066,10.004055933219,-2.31655893517273,877.180983266481,1
0.18,0.066,10.1099578172952,-2.12442816561528,846.042034326415,1
0.183,0.066,10.1980081243357,-1.90852254987684,813.47831117324,1
0.186,0.066,10.2666838268898,-1.67564991891644,779.922608304913,1
0.189,0.066,10.3162860422158,-1.43285443999464,745.811215064762,1
0.192,0.066,10.3487532861826,-1.18645739069909,711.522876074844,1
0.195,0.066,10.367151766356,-0.941328727612033,677.337957823257,1
0.198,0.066,10.3750078097815,-0.700532719853959,643.425437009914,1
0.201,0.066,10.3756582316203,-0.465353927904249,609.853704247606,1
0.204,0.066,10.3717377460786,-0.235614384372778,576.615786924724,1
0.207,0.066,10.3648491522039,-0.0101651198379151,543.66044992846,1
0.21,0.066,10.3554123303009,0.212544523650637,510.924037128698,1
0.213,0.066,10.3426736245788,0.433883625074802,478.360803146154,1
0.216,0.066,10.3248665105184,0.654488449023653,445.970641730931,1
0.219,0.066,10.2995259703765,0.873796232156641,413.822445572793,1
0.222,0.066,10.2639516067021,1.08974072935928,382.069262036852,1
0.225,0.066,10.2157770695359,1.29870283479601,350.94917131718,1
0.228,0.066,10.1535450790202,1.49578785365375,320.765898931741,1
0.231,0.066,10.0771419567797,1.67542316460662,291.848241456869,1
0.234,0.066,9.98795566708365,1.83215684816307,264.496844739386,1
0.237,0.066,9.88870262555126,1.96145059882552,238.934748922123,1
0.24,0.066,9.7829852608085,2.06025921291118,215.277389644795,1
0.243,0.066,9.67472834278128,2.12727927470042,193.52820344311,1
0.246,0.066,9.56765390655378,2.16287460691315,173.594983441534,1
0.249,0.066,9.46490172073315,2.168777398196,155.316684834616,1
0.252,0.066,9.3688280536021,2.14769189330353,138.491289247192,1
0.255,0.066,9.28095845969437,2.10290548929856,122.89916144664,1
0.258,0.066,9.20204429564938,2.03797004658829,108.319916517178,1
0.261,0.066,9.13217182237399,1.95647752723903,94.5430176741918,1
0.264,0.066,9.0708847084932,1.86192852495649,81.3732963188833,1
0.267,0.066,9.01729549069471,1.7576798853534,68.6328032645094,1
0.27,0.066,8.97017380770376,1.64695441954233,56.1602490151732,1
0.273,0.066,8.92800747285148,1.53289740469197,43.8090063897313,1
0.276,0.066,8.88903708585088,1.41866808129401,31.4443530532402,1
0.279,0.066,8.85126691592452,1.30755798736052,18.9403791797416,1
0.282,0.066,8.81245517766867,1.20313097068185,6.17680718846347,1
0.285,0.066,8.77008636195986,1.10938189246079,-6.96401581928353,1
0.288,0.066,8.7213282574202,1.03091239523653,-20.5986270306333,1
0.291,0.066,8.66298312926669,0.97312247753516,-34.8328681458192,1
0.294,0.066,8.59150023913485,0.942413858339229,-49.6726493717052,1
0.297,0.066,8.50353596121921,0.946379240067742,-64.3692507188262,1
0.3,0.066,8.40052192579703,0.993797288134101,-72.7642116870934,4
0.0,0.068,6.0,1.0,1304.43446411371,3
0.003,0.068,6.01320254027351,1.10289149832231,1308.65899079353,1
0.006,0.068,6.04358601890241,1.18818705389736,1314.18070661679,1
0.009,0.068,6.09039101515847,1.2549167225485,1319.04578529669,1
0.012,0.068,6.1511335592574,1.30261228821105,1322.97752348536,1
0.015,0.068,6.22311582578306,1.33131384443834,1325.95305706127,1
0.018,0.068,6.30371748554023,1.34153254972474,1327.99794585596,1
0.021,0.068,6.39049890750799,1.33418890946116,1329.15486121457,1
0.024,0.068,6.4812611612171,1.31053551565663,1329.47690163512,1
0.027,0.068,6.57408270339841,1.27207192356841,1329.02430937748,1
0.03,0.068,6.66733645893902,1.22045862799953,1327.86172759914,1
0.033,0.068,6.75968998952249,1.1574359109602,1326.05572952229,1
0.036,0.068,6.85009206915732,1.08475179429557,1323.6726751568,1
0.039,0.068,6.93774934849324,1.0041017099017,1320.77695231203,1
0.042,0.068,7.02209671627323,0.917081015884458,1317.4296209039,1
0.045,0.068,7.10276456063411,0.825150277230467,1313.68744579592,1
0.048,0.068,7.17954553685704,0.729612352122484,1309.60227989126,1
0.051,0.068,7.2523627866396,0.631599775480813,1305.22074566623,1
0.054,0.068,7.32124091938733,0.532070665276487,1300.58415798976,1
0.057,0.068,7.38628051581567,0.431811331126143,1295.72863172754,1
0.06,0.068,7.44763647546709,0.331443871845604,1290.68532221406,1
0.063,0.068,7.50550020719313,0.231437249027769,1285.48075345148,1
0.066,0.068,7.5600854453491,0.132120569177329,1280.13719652867,1
0.069,0.068,7.61161734692463,0.0336975624522873,1274.67306831531,1
0.072,0.068,7.66032446611398,-0.0637385113272248,1269.10332738256,1
0.075,0.068,7.70643319375272,-0.160190082116167,1263.43985001161,1
0.078,0.068,7.75016427305199,-0.255740982302369,1257.69177394382,1
0.081,0.068,7.79173104689829,-0.350542867762442,1251.86580120117,1
0.084,0.068,7.83133914570534,-0.444802439755765,1245.96645393422,1
0.087,0.068,7.86918738135789,-0.538769463030907,1239.99627894917,1
0.09,0.068,7.90546966745444,-0.632725499224926,1233.95599744228,1
0.093,0.068,7.94037783582913,-0.726973214130544,1227.84459664197,1
0.096,0.068,7.97410526234769,-0.821826067987265,1221.65935962014,1
0.099,0.068,8.00685124999348,-0.917598155382527,1215.39582855671,1
0.102,0.068,8.03882614323776,-1.01459392193572,1209.04769527965,1
0.105,0.068,8.07025716336052,-1.11309744557261,1202.60661099049,1
0.108,0.068,8.10139495788909,-1.21336092841161,1196.06190475009,1
0.111,0.068,8.1325208457903,-1.31559199937584,1189.40019757074,1
0.114,0.068,8.16395470917551,-1.41993937695358,1182.60489588968,1
0.117,0.068,8.1960634257714,-1.52647638692703,1175.65554488983,1
0.12,0.068,8.22926964539015,-1.63518177463874,1168.52701878994,1
0.123,0.068,8.26406057591651,-1.74591720251036,1161.1885222235,1
0.126,0.068,8.30099624371168,-1.85840079409248,1153.60237482956,1
0.129,0.068,8.34071640905322,-1.9721760982744,1145.72255131453,1
0.132,0.068,8.38394492404555,-2.08657593816656,1137.49295336729,1
0.135,0.068,8.43148979020767,-2.20068083699176,1128.84540088243,1
0.138,0.068,8.4842364794581,-2.3132721681971,1119.69735256836,1
0.141,0.068,8.54313121244468,-2.42278099353547,1109.94940709456,1
0.144,0.068,8.60914986567125,-2.52723492393367,1099.48270538136,1
0.147,0.068,8.68324710860202,-2.62420752309522,1088.15646578848,1
0.15,0.068,8.766279519666,-2.71077808562012,1075.80605287269,1
0.153,0.068,8.85889634996085,-2.78351435302827,1062.24222250372,1
0.156,0.068,8.96139331059052,-2.83849695283926,1047.25250778687,1
0.159,0.068,9.07352988359114,-2.87141146230644,1030.60609192971,1
0.162,0.068,9.19432136272425,-2.87773996424866,1012.06388276972,1
0.165,0.068,9.3218350515181,-2.85308424520172,991.395691391321,1
0.168,0.068,9.45304537951246,-2.79363972273198,968.406102169796,1
0.171,0.068,9.58382869649552,-2.6968033735516,942.969242763149,1
0.174,0.068,9.70918885028834,-2.56183514986364,915.06939446726,1
0.177,0.068,9.82377437965715,-2.390411443367,884.838644255765,1
0.18,0.068,9.92265812740239,-2.18685038825896,852.576069252147,1
0.183,0.068,10.002216000089,-1.95781457483493,818.731023621844,1
0.186,0.068,10.0608336330971,-1.71144802019439,783.843383285892,1
0.189,0.068,10.0991796679561,-1.45613531354318,748.455004542711,1
0.192,0.068,10.1199401993319,-1.19924472269415,713.023922563838,1
0.195,0.068,10.1271244601436,-0.946212003635148,677.870335030692,1
0.198,0.068,10.1251913183437,-0.70014947548176,643.164108284684,1
0.201,0.068,10.1182433276307,-0.461954491300638,608.944740464015,1
0.204,0.068,10.1094324442299,-0.230763538838075,575.158021257686,1
0.207,0.068,10.1006077456928,-0.0045821046785534,541.697133286225,1
0.21,0.068,10.0921705785998,0.219027999157187,508.442326825994,1
0.213,0.068,10.0830960299342,0.442262376106303,475.297862557989,1
0.216,0.068,10.0711085858172,0.666418678646155,442.22648043766,1
0.219,0.068,10.0530308560119,0.891316839909686,409.280415581269,1
0.222,0.068,10.0253252380551,1.11488640895026,376.624367764775,1
0.225,0.068,9.9847988806285,1.33305609382859,344.541228437971,1
0.228,0.068,9.92935050108885,1.54006931728973,313.409700830094,1
0.231,0.068,9.85855437433057,1.72924513171517,283.649679960226,1
0.234,0.068,9.7738764657614,1.89402981408442,255.646907071958,1
0.237,0.068,9.6784353472323,2.02904132263214,229.682703602155,1
0.24,0.068,9.57640030246428,2.13080418752135,205.893828273586,1
0.243,0.068,9.47224773081405,2.19801670261831,184.270951564895,1
0.246,0.068,9.37010335170824,2.23138464700605,164.686084001869,1
0.249,0.068,9.27330598617026,2.23318223097233,146.9319921936,1
0.252,0.068,9.18421591673067,2.20672324327386,130.759988794854,1
0.255,0.068,9.1042155395558,2.15587729762548,115.909365821934,1
0.258,0.068,9.03382502932448,2.08469941775511,102.127063159559,1
0.261,0.068,8.97286476293201,1.99718860430324,89.178863812043,1
0.264,0.068,8.92061828220408,1.89716149340838,76.8542746858515,1
0.267,0.068,8.87597094802224,1.7882164476193,64.9671927365627,1
0.27,0.068,8.83751477075174,1.67376365055283,53.3540388960992,1
0.273,0.068,8.8036188685969,1.55710168130687,41.8705567752967,1
0.276,0.068,8.77246921730651,1.44152687979252,30.3880464129329,1
0.279,0.068,8.74208260264257,1.33046688913672,18.7894756812877,1
0.282,0.068,8.71029931470152,1.22763358268396,6.96569490857161,1
0.285,0.068,8.67475804871654,1.13719320365569,-5.18803403224656,1
0.288,0.068,8.63285591872484,1.06395316163355,-17.7740213083442,1
0.291,0.068,8.58170230138219,1.01356545807829,-30.8839284551346,1
0.294,0.068,8.51812757776865,0.992743943935422,-44.517760078113,1
0.297,0.068,8.4391902664701,1.00946964476529,-57.9863649383258,1
0.3,0.068,8.34634256458041,1.07299511874757,-65.6595733007928,4
0.0,0.07,6.0,1.0,1300.5440269303,3
0.003,0.07,6.01295522098844,1.0891941249935,1304.70133102276,1
0.006,0.07,6.04285848241818,1.16248288291681,1310.16577638765,1
0.009,0.07,6.08908074735811,1.21897490634233,1315.022911163,1
0.012,0.07,6.14929907746129,1.25822115513156,1318.99982021903,1
0.015,0.07,6.22096722446103,1.28022228111585,1322.07067439085,1
0.018,0.07,6.30159313262616,1.28539811461837,1324.25581053409,1
0.021,0.07,6.38883467298524,1.27453601714024,1325.59144783186,1
0.024,0.07,6.48055593175928,1.24872542429416,1326.12355006637,1
0.027,0.07,6.57486341195607,1.20928485808397,1325.90499922096,1
0.03,0.07,6.67012533607843,1.15768721574581,1324.99324641742,1
0.033,0.07,6.76497604734299,1.09548828453878,1323.44815729428,1
0.036,0.07,6.85830805879301,1.02426225471296,1321.33009858779,1
0.039,0.07,6.94925470328605,0.945546709527784,1318.69832393343,1
0.042,0.07,7.03716638555417,0.860798342409849,1315.60968690963,1
0.045,0.07,7.12158319378365,0.771359610104509,1312.11768011033,1
0.048,0.07,7.20220619931352,0.678435738948134,1308.27177722756,1
0.051,0.07,7.27886926014795,0.583080970276168,1304.11704122529,1
0.054,0.07,7.35151262650127,0.486192636248729,1299.69395463661,1
0.057,0.07,7.42015917823528,0.388511555120271,1295.03842629164,1
0.06,0.07,7.48489373449761,0.290627274552192,1290.1819308066,1
0.063,0.07,7.54584557569299,0.192986824549712,1285.15174152189,1
0.066,0.07,7.60317410436251,0.0959058269646466,1279.97122312353,1
0.069,0.07,7.65705743394041,-0.0004189853202525,1274.66015606173,1
0.072,0.07,7.70768361841988,-0.0958965815310144,1269.23507050588,1
0.075,0.07,7.75524420681588,-0.19052833075356,1263.70957258475,1
0.078,0.07,7.7999298103457,-0.284394969363515,1258.09464986213,1
0.081,0.07,7.8419273960164,-0.377644081056601,1252.39894632264,1
0.084,0.07,7.88141905881993,-0.47047821470311,1246.62899959735,1
0.087,0.07,7.91858206931419,-0.563143669408102,1240.78943479595,1
0.09,0.07,7.9535900393001,-0.655919898531305,1234.88311020167,1
0.093,0.07,7.98661509240493,-0.749109420930862,1228.91121029707,1
0.096,0.07,8.01783096653897,-0.843028074218758,1222.87328118325,1
0.099,0.07,8.04741700993636,-0.9379953973955,1216.76720247392,1
0.102,0.07,8.0755630605962,-1.03432488518598,1210.5890882116,1
0.105,0.07,8.10247521903986,-1.1323138103723,1204.33310726813,1
0.108,0.07,8.12838253450303,-1.23223226043401,1197.9912110425,1
0.111,0.07,8.1535446221374,-1.33431097835696,1191.55275303328,1
0.114,0.07,8.17826020919305,-1.43872753273974,1185.00398102447,1
0.117,0.07,8.202876565077,-1.54559026860015,1178.32737819745,1
0.12,0.07,8.22779969431369,-1.65491940871145,1171.50082455214,1
0.123,0.07,8.25350504952283,-1.76662459019039,1164.49654481609,1
0.126,0.07,8.28054833517083,-1.88047804203653,1157.27980402316,1
0.129,0.07,8.30957569710108,-1.99608255478823,1149.80730808054,1
0.132,0.07,8.34133219497775,-2.11283339607976,1142.02526558526,1
0.135,0.07,8.37666689380491,-2.22987344106197,1133.8670717888,1
0.138,0.07,8.4165321391672,-2.34604110527495,1125.25059076912,1
0.141,0.07,8.46197355203577,-2.4598113343911,1116.07504537364,1
0.144,0.07,8.5141059655569,-2.56923114356484,1106.21758855055,1
0.147,0.07,8.57406896223067,-2.67185333905971,1095.5297424678,1
0.15,0.07,8.64295403646342,-2.76467555317316,1083.83407852189,1
0.153,0.07,8.72169419358733,-2.84409713901917,1070.9218028818,1
0.156,0.07,8.81090706724247,-2.90591430895252,1056.55233793568,1
0.159,0.07,8.91068639873894,-2.94538414695348,1040.4565586502,1
0.162,0.07,9.02034719560473,-2.95739921901082,1022.3460054084,1
0.165,0.07,9.13815108279091,-2.93682155227418,1001.93098384555,1
0.168,0.07,9.26107274006608,-2.8790174765311,978.950594107021,1
0.171,0.07,9.3847111636832,-2.78059741138874,953.21662134135,1
0.174,0.07,9.50348055582918,-2.64028221121206,924.669389297253,1
0.177,0.07,9.61119512345052,-2.45969450560796,893.435255510889,1
0.18,0.07,9.70204750766563,-2.24376059348973,859.863137639817,1
0.183,0.07,9.77177746229725,-2.00041018701396,824.510332883705,1
0.186,0.07,9.81864030297409,-1.7394690696977,788.061478536851,1
0.189,0.07,9.84377777416963,-1.47100167474586,751.200822816919,1
0.192,0.07,9.85083280122223,-1.20364402201014,714.48933069648,1
0.195,0.07,9.84498942034094,-0.943451211653748,678.293210022053,1
0.198,0.07,9.83182256691536,-0.693493895303565,642.77549414677,1
0.201,0.07,9.81630662057329,-0.454110724128863,607.931571345953,1
0.204,0.07,9.80214948910563,-0.22355664527658,573.642372152056,1
0.207,0.07,9.79144507212875,0.0011978712492782,539.7280288536,1
0.21,0.07,9.78455641318489,0.223655979610449,505.996090778474,1
0.213,0.07,9.78015330774474,0.447010852477304,472.285155891713,1
0.216,0.07,9.7753890939293,0.673384887007034,438.506715903122,1
0.219,0.07,9.76626339537551,0.903114342597895,404.686003200109,1
0.222,0.07,9.74823530915991,1.13418447100437,370.996827427601,1
0.225,0.07,9.71708886539736,1.36201048886076,337.776783719829,1
0.228,0.07,9.66991003578558,1.5797752476562,305.503559218211,1
0.231,0.07,9.60588537438388,1.7793971725127,274.721254314685,1
0.234,0.07,9.52660621491955,1.95293040928019,245.931790450912,1
0.237,0.07,9.4357352150102,2.09395877126478,219.493017604014,1
0.24,0.07,9.3381759539988,2.19853269310422,195.564653059399,1
0.243,0.07,9.23908266942804,2.26543526426191,174.113566554283,1
0.246,0.07,9.14303719351314,2.29586506697902,154.95937940251,1
0.249,0.07,9.05356068910893,2.29279641689151,137.832314418874,1
0.252,0.07,8.97295699569872,2.26027891395993,122.423948872277,1
0.255,0.07,8.9023891645081,2.20284438242976,108.423525029116,1
0.258,0.07,8.84207470739381,2.12508718712683,95.5400063876471,1
0.261,0.07,8.79151202280298,2.03141579735555,83.5130060876584,1
0.264,0.07,8.74968688285881,1.92594275108723,72.1161357426717,1
0.267,0.07,8.71523689018471,1.81247435920262,61.1557492197036,1
0.27,0.07,8.68656960793543,1.6945674577667,50.4672359573305,1
0.273,0.07,8.66193877040137,1.57562977143592,39.9102669064464,1
0.276,0.07,8.63948598065039,1.45904896712291,29.3638158636326,1
0.279,0.07,8.61725528493466,1.34834198259453,18.7213752053545,1
0.282,0.07,8.59318664200517,1.24732071401854,7.88653693241952,1
0.285,0.07,8.56509252713865,1.16027306088229,-3.2309237287529,1
0.288,0.07,8.53062080594003,1.0921600753488,-14.7174642315029,1
0.291,0.07,8.48721178946846,1.04883056771337,-26.648900441653,1
0.294,0.07,8.43210412357982,1.0372517126401,-39.0179682046822,1
0.297,0.07,8.36278796393337,1.06573024959193,-51.1970363810569,1
0.3,0.07,8.28074819172003,1.1439274433222,-58.111909952959,4
0.0,0.072,6.0,1.0,1297.05230334244,3
0.003,0.072,6.01273268157421,1.0757256547017,1301.14886992897,1
0.006,0.072,6.04220154897284,1.13713200154643,1306.56073805857,1
0.009,0.072,6.08789177995913,1.18340423724745,1311.408791536,1
0.012,0.072,6.1476224227359,1.21411778990638,1315.42363154289,1
0.015,0.072,6.21898163845012,1.22924582527273,1318.5769956767,1
0.018,0.072,6.29959219461456,1.22913401259007,1320.88483097883,1
0.021,0.072,6.38720062084067,1.2144570773133,1322.37788959412,1
0.024,0.072,6.47973000594788,1.18616317032457,1323.09604196766,1
0.027,0.072,6.57531539045182,1.14541119486431,1323.08582957468,1
0.03,0.072,6.67232456710081,1.09350592985822,1322.39844929949,1
0.033,0.072,6.76936575888669,1.03183517604114,1321.087873865,1
0.036,0.072,6.86528411411889,0.961812253344701,1319.20914574681,1
0.039,0.072,6.95914937200854,0.884826149489915,1316.8169013086,1
0.042,0.072,7.05023718056571,0.802200607817988,1313.9641585394,1
0.045,0.072,7.13800642457248,0.715162554198146,1310.70137680667,1
0.048,0.072,7.22207462417613,0.624819559401922,1307.07577727029,1
0.051,0.072,7.30219307468181,0.532145534844185,1303.13089897511,1
0.054,0.072,7.37822298244786,0.437973555863976,1298.90635765265,1
0.057,0.072,7.45011345888949,0.342994568746452,1294.4377708993,1
0.06,0.072,7.51788189435993,0.247760727927335,1289.7568134924,1
0.063,0.072,7.5815969601664,0.152692189899952,1284.89136903729,1
0.066,0.072,7.64136428246775,0.0580863259641352,1279.8657479457,1
0.069,0.072,7.6973146908809,-0.0358715206416057,1274.70094616687,1
0.072,0.072,7.74959485771398,-0.129096437056023,1269.41492357189,1
0.075,0.072,7.79836009974401,-0.221592042388286,1264.02288505192,1
0.078,0.072,7.84376910251562,-0.313438679268485,1258.53755100514,1
0.081,0.072,7.88598033766366,-0.404781955629336,1252.96940683675,1
0.084,0.072,7.92514996888411,-0.495821786105504,1247.3269233394,1
0.087,0.072,7.96143107579399,-0.586801989770875,1241.61674136146,1
0.09,0.072,7.99497406254222,-0.678000423922892,1235.84381503712,1
0.093,0.072,8.02592815648735,-0.769719569008365,1230.01150807697,1
0.096,0.072,8.05444393935263,-0.862277423996108,1224.12163723013,1
0.099,0.072,8.08067688744274,-0.955998520880973,1218.17445603931,1
0.102,0.072,8.10479192748607,-1.05120481792442,1212.16857041108,1
0.105,0.072,8.12696903911407,-1.1482061801526,1206.10077528243,1
0.108,0.072,8.14740995213257,-1.24729009910666,1199.96579872362,1
0.111,0.072,8.16634599393781,-1.34871023859387,1193.75593609781,1
0.114,0.072,8.18404713563169,-1.45267331623733,1187.46055230535,1
0.117,0.072,8.20083225843124,-1.55932373957543,1181.06542458088,1
0.12,0.072,8.21708060561685,-1.66872530911949,1174.5518917226,1
0.123,0.072,8.23324428595155,-1.78083918022906,1167.89576804104,1
0.126,0.072,8.24986153262163,-1.89549714622055,1161.06597193507,1
0.129,0.072,8.26757016947664,-2.01236917961341,1154.02281042303,1
0.132,0.072,8.2871203550297,-2.13092407266766,1146.71585343983,1
0.135,0.072,8.3093851120692,-2.25038200020959,1139.08132772903,1
0.138,0.072,8.33536633903211,-2.36965797149365,1131.03896425124,1
0.141,0.072,8.36619285641192,-2.48729558712633,1122.48825321893,1
0.144,0.072,8.40310548109854,-2.60139150948275,1113.30411079725,1
0.147,0.072,8.44742208416657,-2.70951297162084,1103.33206351958,1
0.15,0.072,8.50047311775999,-2.80861407620371,1092.38324525627,1
0.153,0.072,8.56349551404386,-2.8949624121914,1080.22982698522,1
0.156,0.072,8.63747110168738,-2.96409669187756,1066.6020240314,1
0.159,0.072,8.72289691053236,-3.01084958366333,1051.1886068708,1
0.162,0.072,8.81948313183594,-3.02948730575839,1033.64388945879,1
0.165,0.072,8.92579671442025,-3.01403463038483,1013.60536164156,1
0.168,0.072,9.03891190877263,-2.95885848902794,990.727080577162,1
0.171,0.072,9.1541941788203,-2.85955149067403,964.733683794123,1
0.174,0.072,9.2654096293859,-2.71405707561461,935.496140259395,1
0.177,0.072,9.36535940564573,-2.52379719265909,903.118836133648,1
0.18,0.072,9.44710305251813,-2.2943585474392,868.006065550283,1
0.183,0.072,9.50552939275446,-2.03523330857219,830.857277061153,1
0.186,0.072,9.53870716639405,-1.7583881202697,792.556305458497,1
0.189,0.072,9.54839688573442,-1.47601326638821,753.982647909833,1
0.192,0.072,9.53947895326286,-1.19828011106922,715.831675819094,1
0.195,0.072,9.5186031985174,-0.931894529942863,678.520545183785,1
0.198,0.072,9.49266430438852,-0.679735053488781,642.191509039843,1
0.201,0.072,9.46759818660877,-0.441349605519035,606.773752518952,1
0.204,0.072,9.4476754936454,-0.213877994097022,572.060300363233,1
0.207,0.072,9.43520831535013,0.0069470773344269,537.776901992456,1
0.21,0.072,9.43049610184241,0.22587297272819,503.638634552063,1
0.213,0.072,9.43188370680963,0.447269117839878,469.399243021867,1
0.216,0.072,9.43591376809309,0.674272161977966,434.900291899388,1
0.219,0.072,9.43766359379662,0.907912627983875,400.124293280807,1
0.222,0.072,9.43140513877879,1.14633510447785,365.247430995838,1
0.225,0.072,9.41165438010343,1.38439122138667,330.67247594419,1
0.228,0.072,9.37445991463795,1.61395921168801,297.008397344592,1
0.231,0.072,9.31851729982776,1.825172033855,264.971079900791,1
0.234,0.072,9.24561127242037,2.00830681961729,235.223571539504,1
0.237,0.072,9.16014507500831,2.15567496387025,208.224816186146,1
0.24,0.072,9.06797669143951,2.26282329457705,184.156557611354,1
0.243,0.072,8.97508756626027,2.3287573097197,162.943287785368,1
0.246,0.072,8.88655812029531,2.35537937619757,144.32776768756,1
0.249,0.072,8.80604590981579,2.34656424368063,127.955611851538,1
0.252,0.072,8.73570597346103,2.30724180687698,113.442426002424,1
0.255,0.072,8.67638166452262,2.24268543804525,100.417216380546,1
0.258,0.072,8.62790296253176,2.15805395135775,88.5456690833888,1
0.261,0.072,8.58938604624919,2.05815324147317,77.5393396254227,1
0.264,0.072,8.55948324032101,1.9473579272308,67.1561778727492,1
0.267,0.072,8.53656893601913,1.82963763878249,57.196391093577,1
0.27,0.072,8.51886560057597,1.70864707000579,47.4962639907573,1
0.273,0.072,8.50452082209208,1.58785350106259,37.9214764630393,1
0.276,0.072,8.49164711248904,1.47068675984979,28.3607179784019,1
0.279,0.072,8.47833441077844,1.36070427965283,18.7199311681067,1
0.282,0.072,8.46264267177127,1.26176880436461,8.9172562755282,1
0.285,0.072,8.44257941336044,1.1782392750368,-1.12128975649002,1
0.288,0.072,8.41606547670787,1.1151771581944,-11.4645990871295,1
0.291,0.072,8.38089602007269,1.07857106610614,-22.1709097181229,1
0.294,0.072,8.33474471199149,1.07557964878873,-33.2242172251521,1
0.297,0.072,8.27556251232739,1.11476793827199,-44.0598668976736,1
0.3,0.072,8.20488140550661,1.20613374075232,-50.1841525506567,4
0.0,0.074,6.0,1.0,1293.93770469063,3
0.003,0.074,6.01253312471317,1.06246322605723,1297.97964097942,1
0.006,0.074,6.04161081716234,1.11210105934576,1303.34364709656,1
0.009,0.074,6.08681837239646,1.14817356416708,1308.18220689483,1
0.012,0.074,6.14609991456529,1.17028505016286,1312.22914134112,1
0.015,0.074,6.21716251902293,1.1783912492813,1315.4541736949,1
0.018,0.074,6.2977313097371,1.17277822211103,1317.8695443895,1
0.021,0.074,6.38563285374573,1.15402560866819,1319.50136015339,1
0.024,0.074,6.47884474094771,1.12295920337333,1320.38427996243,1
0.027,0.074,6.57552998615329,1.08059706870013,1320.5593822954,1
0.03,0.074,6.67405879806973,1.02809321549505,1320.07243119185,1
0.033,0.074,6.77301878534846,0.966682445565557,1318.97223459783,1
0.036,0.074,6.87121505758711,0.897629269282059,1317.30912323945,1
0.039,0.074,6.96766208390783,0.822182995218111,1315.13360394777,1
0.042,0.074,7.06156935026197,0.741540259154417,1312.49522361393,1
0.045,0.074,7.15232281977171,0.656815507676102,1309.44165886862,1
0.048,0.074,7.23946400570954,0.569019334279926,1306.01802894338,1
0.051,0.074,7.32266817729059,0.479044108217725,1302.26641621748,1
0.054,0.074,7.40172288991107,0.387656037467366,1298.2255705707,1
0.057,0.074,7.47650770649361,0.295492649284189,1293.93076922371,1
0.06,0.074,7.54697568376296,0.203064627603324,1289.41380242336,1
0.063,0.074,7.61313695235716,0.110760986248396,1284.7030562519,1
0.066,0.074,7.67504452832905,0.0188566522655243,1279.82366622046,1
0.069,0.074,7.73278235434719,-0.0724783391847128,1274.79771848472,1
0.072,0.074,7.78645547597007,-0.163168696690368,1269.64447898588,1
0.075,0.074,7.83618220387067,-0.253223289403001,1264.38063420156,1
0.078,0.074,7.88208808848394,-0.342724515571826,1259.02053024338,1
0.081,0.074,7.92430153144818,-0.431817891524266,1253.57639961059,1
0.084,0.074,7.96295087172027,-0.520702026953904,1248.05856692287,1
0.087,0.074,7.99816280797574,-0.609619064396726,1242.47562637716,1
0.09,0.074,8.0300620487378,-0.698845586009261,1236.83458449565,1
0.093,0.074,8.05877211460655,-0.788683926666545,1231.14096195782,1
0.096,0.074,8.08441725084115,-0.879453775919292,1225.39884793551,1
0.099,0.074,8.10712544185354,-0.971483899139456,1219.61089936156,1
0.102,0.074,8.12703255069088,-1.06510375671049,1213.77827592056,1
0.105,0.074,8.14428763512369,-1.16063474570765,1207.9004991886,1
0.108,0.074,8.1590595160005,-1.25838072734074,1201.97522116496,1
0.111,0.074,8.17154469082661,-1.35861743151743,1195.9978832945,1
0.114,0.074,8.18197669254292,-1.46158024312887,1189.96124179462,1
0.117,0.074,8.19063698468575,-1.5674497689934,1183.85472846249,1
0.12,0.074,8.19786745092452,-1.67633445616734,1177.66360790997,1
0.123,0.074,8.20408446633996,-1.78824937911269,1171.36788213659,1
0.126,0.074,8.20979441012271,-1.90309013534095,1164.94088137356,1
0.129,0.074,8.21561026566507,-2.02060059256254,1158.34746631719,1
0.132,0.074,8.22226861207184,-2.14033303159612,1151.54175183812,1
0.135,0.074,8.23064578048412,-2.2615990641495,1144.46424764077,1
0.138,0.074,8.24177114466585,-2.3834096430415,1137.03830074445,1
0.141,0.074,8.25683432353844,-2.50440265373399,1129.16572522493,1
0.144,0.074,8.27718134760307,-2.62275721047781,1120.72152993108,1
0.147,0.074,8.30429241580326,-2.73609527692022,1111.54772938393,1
0.15,0.074,8.33973060983003,-2.84137426093209,1101.44638921691,1
0.153,0.074,8.38504688129957,-2.93477988026527,1090.17238471815,1
0.156,0.074,8.44162236085458,-3.01163848524459,1077.42694306528,1
0.159,0.074,8.5104264517536,-3.06638424352665,1062.85402911725,1
0.162,0.074,8.59167292406799,-3.09264079403184,1046.04314031619,1
0.165,0.074,8.68437564023744,-3.08350737918099,1026.54410171309,1
0.168,0.074,8.78585486650988,-3.03216409182835,1003.90171589836,1
0.171,0.074,8.8913363248493,-2.93289772139823,977.719695390952,1
0.174,0.074,8.99390442013083,-2.78254291468967,947.761191506639,1
0.177,0.074,9.08513965049482,-2.58208065450023,914.079287217674,1
0.18,0.074,9.15663344872708,-2.33778027794858,877.134932120899,1
0.183,0.074,9.20212183543815,-2.06107125005455,837.816482127561,1
0.186,0.074,9.21940612092518,-1.76668177181029,797.287526276679,1
0.189,0.074,9.21107316727824,-1.46952216636218,756.700291596977,1
0.192,0.074,9.1836248648156,-1.18161824796577,716.926276887255,1
0.195,0.074,9.14554249614093,-0.910307359414195,678.434259752835,1
0.198,0.074,9.10525406652121,-0.658029052574319,641.321112156896,1
0.201,0.074,9.06970466588221,-0.42322721271694,605.417768040173,1
0.204,0.074,9.04367718692362,-0.201655160153507,570.399638452981,1
0.207,0.074,9.02963552056618,0.0123937349611267,535.872874076092,1
0.21,0.074,9.02778456619388,0.225072796500168,501.437503371117,1
0.213,0.074,9.03615251621218,0.442099566810887,466.739645784203,1
0.216,0.074,9.0506770842462,0.667839483641858,431.52648270243,1
0.219,0.074,9.06544744306294,0.904256264548925,395.713995951635,1
0.222,0.074,9.07335526245841,1.14983005978059,359.466217090353,1
0.225,0.074,9.06734201117059,1.39883219897624,323.260152836406,1
0.228,0.074,9.04211224180396,1.64154084800419,287.87947617424,1
0.231,0.074,8.99572310842393,1.8657901261186,254.281678312101,1
0.234,0.074,8.93024956017872,2.05956119624902,223.357489936557,1
0.237,0.074,8.85111006878925,2.21359413800273,195.700160815027,1
0.24,0.074,8.76540652953858,2.32293530012926,171.506728098331,1
0.243,0.074,8.68011808823601,2.3870343946071,150.628230107098,1
0.246,0.074,8.60084094768763,2.40878959976466,132.694627546426,1
0.249,0.074,8.53127730611135,2.39322439964515,117.237552806041,1
0.252,0.074,8.47329905908217,2.34630657536791,103.777021245326,1
0.255,0.074,8.42730283052674,2.27412073337896,91.870852447932,1
0.258,0.074,8.39263534394818,2.18239602985042,81.1367796350974,1
0.261,0.074,8.36797077556469,2.07630377487965,71.2575816784419,1
0.264,0.074,8.35159897033527,1.96043028837862,61.9770090007855,1
0.267,0.074,8.34162462607667,1.83885184150301,53.0915843412954,1
0.27,0.074,8.33609342376262,1.71526425865432,44.4412481670296,1
0.273,0.074,8.33306381649643,1.59314005926763,35.9003807491106,1
0.276,0.074,8.33064065291963,1.4758995903887,27.369852406325,1
0.279,0.074,8.32698287201601,1.36709092382268,18.7702612940346,1
0.282,0.074,8.32029369832342,1.27057815192356,10.0362763500446,1
0.285,0.074,8.30879858220174,1.19074048275555,1.11198344879767,1
0.288,0.074,8.29071408891544,1.13268606890839,-8.05218353655967,1
0.291,0.074,8.26421376254477,1.10248498785653,-17.4951293249864,1
0.294,0.074,8.22743201238532,1.10742283973176,-27.1905683773792,1
0.297,0.074,8.17880863794605,1.1562509454287,-36.6377554853702,1
0.3,0.074,8.11993890341465,1.25922457286216,-41.9442637639291,4
0.0,0.076,6.0,1.0,1291.18112060546,3
0.003,0.076,6.01235508085384,1.04938539983517,1295.17422728024,1
0.006,0.076,6.04108271089389,1.08735810282256,1300.49511506847,1
0.009,0.076,6.08585593798426,1.11325167660467,1305.32438346076,1
0.012,0.076,6.14472885392494,1.12670306204999,1309.39876024324,1
0.015,0.076,6.21551339573805,1.12765907460779,1312.68628444089,1
0.018,0.076,6.2960254676466,1.11635855487383,1315.1960529,1
0.021,0.076,6.38416332068742,1.09330110901808,1316.9502154443,1
0.024,0.076,6.47795421697723,1.0592065606179,1317.97896940108,1
0.027,0.076,6.57558776380906,1.01496857152427,1318.31868772006,1
0.03,0.076,6.67543827230701,0.961605781306375,1318.01042243459,1
0.033,0.076,6.77607690962699,0.900213513216845,1317.09846775121,1
0.036,0.076,6.87627472293115,0.831918576716569,1315.62900235648,1
0.039,0.076,6.97499799745895,0.757839051030997,1313.64886123287,1
0.042,0.076,7.07139761855379,0.679050256365605,1311.20447421715,1
0.045,0.076,7.16479413313348,0.59655748651766,1308.34099088938,1
0.048,0.076,7.2546600904431,0.511275540478811,1305.1015958332,1
0.051,0.076,7.34060103391853,0.424014677673303,1301.52700625066,1
0.054,0.076,7.42233626108093,0.335472336966992,1297.65513550516,1
0.057,0.076,7.49968020340619,0.246229793537227,1293.52090107347,1
0.06,0.076,7.57252502943704,0.156752861053044,1289.15615304532,1
0.063,0.076,7.64082485828722,0.0673957564895109,1284.58969906883,1
0.066,0.076,7.70458179488529,-0.0215926915353634,1279.84740286654,1
0.069,0.076,7.7638338642182,-0.110061213043263,1274.95233558138,1
0.072,0.076,7.81864482665034,-0.197947253855407,1269.92496179553,1
0.075,0.076,7.86909579492882,-0.285267609436096,1264.78334474841,1
0.078,0.076,7.91527853960855,-0.372108910659487,1259.54335781129,1
0.081,0.076,7.95729035722573,-0.458618231172443,1254.21889148598,1
0.084,0.076,7.99523037910594,-0.544993991920059,1248.82204697948,1
0.087,0.076,8.02919721359826,-0.631477256221956,1243.36330870194,1
0.09,0.076,8.05928783712998,-0.718343437582278,1237.8516888082,1
0.093,0.076,8.0855976770368,-0.805894380256941,1232.29483712763,1
0.096,0.076,8.10822185965862,-0.894450716905279,1226.69910947673,1
0.099,0.076,8.1272576292937,-0.984344355381856,1221.06958638263,1
0.102,0.076,8.14280797621493,-1.07591089448235,1215.41003259889,1
0.105,0.076,8.15498654411707,-1.16948171250926,1209.72278536747,1
0.108,0.076,8.16392391793518,-1.26537540875153,1204.00855603077,1
0.111,0.076,8.16977542024027,-1.36388820180409,1198.26612512502,1
0.114,0.076,8.17273056559818,-1.46528279498995,1192.49190522851,1
0.117,0.076,8.17302433281372,-1.56977510234772,1186.6793382542,1
0.12,0.076,8.17095040749951,-1.67751808266175,1180.81808414487,1
0.123,0.076,8.16687651020087,-1.78858174782183,1174.89294555263,1
0.126,0.076,8.16126184008522,-1.90292819044033,1168.88245752077,1
0.129,0.076,8.15467650281088,-2.02038021232176,1162.75705193463,1
0.132,0.076,8.14782251081116,-2.14058183546984,1156.47668330744,1
0.135,0.076,8.14155548054618,-2.26294866094449,1149.98777570458,1
0.138,0.076,8.13690540891565,-2.38660575655282,1143.21932215725,1
0.141,0.076,8.13509375093789,-2.51031060361175,1136.07794275081,1
0.144,0.076,8.1375422453616,-2.632358814509,1128.44169688329,1
0.147,0.076,8.1458662757492,-2.75047122052985,1120.15247212876,1
0.15,0.076,8.16184168038762,-2.86166320928422,1111.00688201401,1
0.153,0.076,8.18732851861324,-2.96210208842769,1100.74588194699,1
0.156,0.076,8.22412834195587,-3.04696787170395,1089.04390276225,1
0.159,0.076,8.27374407232689,-3.11035057287392,1075.49943377589,1
0.162,0.076,8.33700774297749,-3.14524729962653,1059.63095768814,1
0.165,0.076,8.41355200998877,-3.14376822895971,1040.88520291309,1
0.168,0.076,8.50114877261347,-3.09771485410217,1018.66885013776,1
0.171,0.076,8.59505363868309,-2.99972071944496,992.419613886812,1
0.174,0.076,8.68768922260265,-2.84505711174781,961.735160498147,1
0.177,0.076,8.76918710939096,-2.63387905931276,926.565524863984,1
0.18,0.076,8.82922635122462,-2.37309505732966,887.41882125894,1
0.183,0.076,8.85995944946307,-2.07654894921431,845.436493845411,1
0.186,0.076,8.85880368002285,-1.76258727231301,802.184449164454,1
0.189,0.076,8.82947803769451,-1.44964486165019,759.203959629004,1
0.192,0.076,8.78064217596743,-1.15197125765561,717.597180847975,1
0.195,0.076,8.72306627945814,-0.877413580730236,677.874546718333,1
0.198,0.076,8.66691139216084,-0.627575035692761,640.044868807484,1
0.201,0.076,8.62009498403879,-0.399376128844891,603.794545617803,1
0.204,0.076,8.58776815571468,-0.186881371197603,568.643889579396,1
0.207,0.076,8.57242196035191,0.0172301311959069,534.051048380544,1
0.21,0.076,8.57413095323661,0.220631448797922,499.476819297312,1
0.213,0.076,8.59066166516976,0.430529139472711,464.433909300253,1
0.216,0.076,8.61743127449374,0.652750602032906,428.54368978238,1
0.219,0.076,8.64754523930623,0.890513661995129,391.619782295439,1
0.222,0.076,8.67233185124981,1.14292781319041,353.785501834056,1
0.225,0.076,8.68277464419761,1.4037419306744,315.59509074898,1
0.228,0.076,8.67180466683087,1.6612851800214,278.064897518545,1
0.231,0.076,8.63662098760779,1.90039693312192,242.498962608319,1
0.234,0.076,8.57972645171496,2.10604813913902,210.117009307993,1
0.237,0.076,8.5079435148945,2.26703264758252,181.691456105789,1
0.24,0.076,8.42999815906499,2.37796565430636,157.415580403215,1
0.243,0.076,8.35404933659787,2.43909193688058,137.01514727137,1
0.246,0.076,8.28617470640327,2.45470367186029,119.95489840061,1
0.249,0.076,8.22996090628037,2.43127039007885,105.614202974996,1
0.252,0.076,8.18681041547249,2.37595640213435,93.3947885646158,1
0.255,0.076,8.15652041771503,2.29570361268255,82.7725559686253,1
0.258,0.076,8.13785425311636,2.19678789588175,73.3142507059874,1
0.261,0.076,8.12899224714234,2.0846883194822,64.6751174145903,1
0.264,0.076,8.12784567854762,1.96413380248298,56.5879263125755,1
0.267,0.076,8.13225656840584,1.83923846519448,48.8493546469268,1
0.27,0.076,8.14011400086359,1.71367556202018,41.3067545083712,1
0.273,0.076,8.14941378623218,1.59086513757509,33.8465760488511,1
0.276,0.076,8.15828155685104,1.47416529379721,26.3847728851848,1
0.279,0.076,8.16497316177701,1.36706505139761,18.8590674527753,1
0.282,0.076,8.16786129347193,1.273381076045,11.2227794737918,1
0.285,0.076,8.16541359764642,1.19746278245546,3.43994859422969,1
0.288,0.076,8.15616520870498,1.14441150475094,-4.51790320793836,1
0.291,0.076,8.13869063575145,1.12031972024903,-12.6686190603418,1
0.294,0.076,8.11160895621979,1.13253327520951,-20.9740676003622,1
0.297,0.076,8.07387481768131,1.18991358906345,-28.9977995498352,1
0.3,0.076,8.02716407164839,1.30288766648941,-33.4651643417642,4
0.0,0.078,6.0,1.0,1288.76564212522,3
0.003,0.078,6.0121973632316,1.03647188738509,1292.71547644001,1
0.006,0.078,6.04061437688152,1.06287227612429,1297.99802936313,1
0.009,0.078,6.08500092883347,1.07860720953049,1302.81873747551,1
0.012,0.078,6.14350749034141,1.0833495110858,1306.91691134952,1
0.015,0.078,6.21403804638973,1.07704435431683,1310.25916574031,1
0.018,0.078,6.29448850083626,1.05989394995768,1312.85192034711,1
0.021,0.078,6.38282072100643,1.03233080200344,1314.71394809144,1
0.024,0.078,6.4771066003428,0.994982946486066,1315.87162519207,1
0.027,0.078,6.57556032207831,0.948634010313837,1316.35727547121,1
0.03,0.078,6.67656104515494,0.894180871348984,1316.20787337982,1
0.033,0.078,6.77866655480965,0.832591493473472,1315.46378238348,1
0.036,0.078,6.88061865731357,0.764865118393137,1314.16754041075,1
0.039,0.078,6.98134145575803,0.691996485834676,1312.36273869101,1
0.042,0.078,7.07993386573999,0.614945201715711,1310.0930311242,1
0.045,0.078,7.17565779933995,0.534610844224423,1307.401296673,1
0.048,0.078,7.26792339056042,0.451813936305179,1304.32896367758,1
0.051,0.078,7.35627249275434,0.367282545897962,1300.91549393228,1
0.054,0.078,7.4403614852225,0.281644011197128,1297.19801616903,1
0.057,0.078,7.51994421336221,0.195421122791559,1293.21109314955,1
0.06,0.078,7.59485567824166,0.109032014901778,1288.98660352094,1
0.063,0.078,7.66499690315705,0.0227930068002406,1284.55371846728,1
0.066,0.078,7.73032124553225,-0.0630763253480257,1279.93895349659,1
0.069,0.078,7.79082229584492,-0.148446493510714,1275.16627697156,1
0.072,0.078,7.84652341057987,-0.233270415519768,1270.25725882348,1
0.075,0.078,7.89746886054075,-0.317575162145926,1265.23124495722,1
0.078,0.078,7.94371653496211,-0.401453491250822,1260.10554491621,1
0.081,0.078,7.98533212115817,-0.485055433373988,1254.89562225065,1
0.084,0.078,8.02238467454054,-0.568580108120151,1249.61527859855,1
0.087,0.078,8.05494350090783,-0.652267875107221,1244.27682366467,1
0.09,0.078,8.08307628882848,-0.736392856622324,1238.89122400949,1
0.093,0.078,8.10684845229708,-0.821255810097283,1233.46822379415,1
0.096,0.078,8.12632367088877,-0.907177274897339,1228.01643031958,1
0.099,0.078,8.14156564514522,-0.994490866988698,1222.54335628696,1
0.102,0.078,8.15264111805491,-1.08353654359034,1217.05540910617,1
0.105,0.078,8.15962424858611,-1.17465360420221,1211.55781516022,1
0.108,0.078,8.16260245959066,-1.26817313013418,1206.05446351871,1
0.111,0.078,8.16168391896013,-1.36440948681619,1200.54764892897,1
0.114,0.078,8.15700684782565,-1.46365041582782,1195.03768765774,1
0.117,0.078,8.14875087955258,-1.56614511973406,1189.52237144637,1
0.12,0.078,8.13715071258606,-1.67208958421974,1183.99621387126,1
0.123,0.078,8.12251229926459,-1.78160817924958,1178.44942898209,1
0.126,0.078,8.10523177580302,-1.89473032383478,1172.86656323542,1
0.129,0.078,8.08581724041661,-2.01136067766066,1167.22467726265,1
0.132,0.078,8.06491328680112,-2.13124093063899,1161.49094258614,1
0.135,0.078,8.04332783577895,-2.25390080041712,1155.61947879102,1
0.138,0.078,8.02206018069511,-2.37859533974138,1149.54720829117,1
0.141,0.078,8.00232812065947,-2.50422516299697,1143.18845005492,1
0.144,0.078,7.98559036859197,-2.62923586841769,1136.42791661704,1
0.147,0.078,7.97355773992001,-2.75149306292692,1129.11173725479,1
0.15,0.078,7.96818244411093,-2.86813060267183,1121.03614409602,1
0.153,0.078,7.97160842215285,-2.97537315081422,1111.93361330333,1
0.156,0.078,7.98605632074685,-3.06834225249549,1101.45672501531,1
0.159,0.078,8.01360404644268,-3.14087216337699,1089.16112092697,1
0.162,0.078,8.05580990884609,-3.18539507729642,1074.49123491377,1
0.165,0.078,8.11311975267191,-3.19301544848317,1056.77663972888,1
0.168,0.078,8.18403031250235,-3.15398502361349,1035.25349542408,1
0.171,0.078,8.26410576357205,-3.05888625347029,1009.13525070153,1
0.174,0.078,8.34522835783998,-2.90081659569981,977.768919949654,1
0.177,0.078,8.41585674444361,-2.6784979839396,940.911591528928,1
0.18,0.078,8.46317059639424,-2.39930196433563,899.084517151645,1
0.183,0.078,8.47711360354626,-2.08009283893678,853.77008948907,1
0.186,0.078,8.45454905097505,-1.74404732982567,807.129072941252,1
0.189,0.078,8.40079365382487,-1.41423427231315,761.271147823958,1
0.192,0.078,8.32742840806881,-1.10752933538507,717.598058607192,1
0.195,0.078,8.24807569833425,-0.831973694220838,676.62826076242,1
0.198,0.078,8.17476615866341,-0.587707068080595,638.209514309054,1
0.201,0.078,8.11620171422322,-0.369576695024803,601.817544191664,1
0.204,0.078,8.07761651075925,-0.169645435357329,566.771807857008,1
0.207,0.078,8.06132579672549,0.0211296466240361,532.352853156977,1
0.21,0.078,8.06723567766796,0.211963493045043,497.859063488014,1
0.213,0.078,8.09297569894044,0.411624660077214,462.642667649978,1
0.216,0.078,8.13365028468915,0.627637589028846,426.160026730638,1
0.219,0.078,8.18151377042431,0.86489965898369,388.069168893603,1
0.222,0.078,8.22619815197145,1.12362847012405,348.399486856384,1
0.225,0.078,8.25625418789971,1.39725737144964,307.769303936101,1
0.228,0.078,8.26222358139584,1.67177332714673,267.503549654604,1
0.231,0.078,8.24010669442877,1.92805957283064,229.414873349724,1
0.234,0.078,8.19303158489049,2.14706946886451,195.211190289076,1
0.237,0.078,8.12978358556792,2.31518322058435,165.903979763614,1
0.24,0.078,8.0612087117508,2.42678181737407,141.638215854646,1
0.243,0.078,7.99681430986131,2.48345173628545,121.928180764708,1
0.246,0.078,7.94303061666252,2.49140972268746,105.997944419088,1
0.249,0.078,7.90307164987814,2.45890784876112,93.0264157472889,1
0.252,0.078,7.87762616438789,2.39444380365607,82.2726140251948,1
0.255,0.078,7.86572148199137,2.30581955436292,73.1218436823719,1
0.258,0.078,7.86544520687368,2.19979300447064,65.0900049443986,1
0.261,0.078,7.8744506968826,2.08206299371306,57.8090529441176,1
0.264,0.078,7.89027522417266,1.95741265186328,51.0063627046035,1
0.267,0.078,7.91052345830296,1.82991441231154,44.4842933066041,1
0.27,0.078,7.93296263807007,1.70315030304133,38.1024920841799,1
0.273,0.078,7.95556319390649,1.58042881588608,31.7635610166199,1
0.276,0.078,7.97650745037225,1.464993717074,25.4018613897526,1
0.279,0.078,7.99418083224584,1.36022694763674,18.9749335487145,1
0.282,0.078,8.00715429961286,1.26985090748688,12.4569630773442,1
0.285,0.078,8.01416284547346,1.19813685485698,5.83383295727581,1
0.288,0.078,8.01408251800325,1.15012683796221,-0.900138618468609,1
0.291,0.078,8.00590970438629,1.13187663681721,-7.74008900781756,1
0.294,0.078,7.98876944673777,1.15072408090167,-14.6345040890997,1
0.297,0.078,7.96215425251963,1.21556087242944,-21.2110532073355,1
0.3,0.078,7.92783829859867,1.33689387257151,-24.8244955447814,4
0.0,0.08,6.0,1.0,1286.67633232315,3
0.003,0.08,6.01205903039629,1.02370331371859,1290.58826406474,1
0.006,0.08,6.04020359748756,1.03861355008595,1295.83731978804,1
0.009,0.08,6.08425073300449,1.04420853378187,1300.65066074776,1
0.012,0.08,6.14243497844398,1.04019985126607,1304.76984856682,1
0.015,0.08,6.21274061106407,1.02653729844977,1308.1602780593,1
0.018,0.08,6.29313345523994,1.0033955439585,1310.82608043897,1
0.021,0.08,6.38163121106917,0.971151114661066,1312.7831432068,1
0.024,0.08,6.47634523136277,0.930352527808837,1314.05457164424,1
0.027,0.08,6.57551176633122,0.881685896528526,1314.66921198646,1
0.03,0.08,6.67751480417819,0.825938312628595,1314.66052164644,1
0.033,0.08,6.7809008798434,0.76396117014425,1314.06545684287,1
0.036,0.08,6.88438639658544,0.696635296625338,1312.92338230999,1
0.039,0.08,6.98685833346982,0.624839356531006,1311.27504544002,1
0.042,0.08,7.08736943849598,0.54942254270102,1309.16165120256,1
0.045,0.08,7.18512910684205,0.471182130937523,1306.62406209759,1
0.048,0.08,7.27949113427903,0.39084607893017,1303.7021355871,1
0.051,0.08,7.36993944527389,0.309060528602151,1300.4342014017,1
0.054,0.08,7.45607275293364,0.226381830973355,1296.85667328412,1
0.057,0.08,7.53758893993796,0.143272554187752,1293.0037841524,1
0.06,0.08,7.61426977692613,0.0601008500615507,1288.90743014933,1
0.063,0.08,7.68596643248205,-0.0228574703972195,1284.59710726708,1
0.066,0.08,7.75258608633027,-0.105414780969172,1280.09992381795,1
0.069,0.08,7.8140798393491,-0.187465979112778,1275.4406725838,1
0.072,0.08,7.87043202171035,-0.268981822437538,1270.64194767318,1
0.075,0.08,7.92165093265061,-0.350001683013164,1265.72429265335,1
0.078,0.08,7.96776099943727,-0.430626055127446,1260.70636816997,1
0.081,0.08,8.0087963157546,-0.511009070352532,1255.60512884099,1
0.084,0.08,8.04479550765978,-0.591351197952747,1250.4360005813,1
0.087,0.08,8.07579787538476,-0.671892240116034,1245.21305058354,1
0.09,0.08,8.10184076899463,-0.752904670237507,1239.94914287661,1
0.093,0.08,8.12295817321755,-0.834687307530856,1234.65607264413,1
0.096,0.08,8.13918050014445,-0.917559270808933,1229.34467224768,1
0.099,0.08,8.15053561695924,-1.00185410593401,1224.02488108695,1
0.102,0.08,8.15705116880776,-1.08791393218079,1218.70576993688,1
0.105,0.08,8.15875829401809,-1.17608339895206,1213.39550808272,1
0.108,0.08,8.15569686992956,-1.26670318157433,1208.10125821886,1
0.111,0.08,8.14792247221703,-1.3601026679766,1202.82897939324,1
0.114,0.08,8.13551527797877,-1.45659139040057,1197.58311185456,1
0.117,0.08,8.11859119114278,-1.55644862981328,1192.36610892884,1
0.12,0.08,8.09731551423917,-1.65991045533096,1187.17776923532,1
0.123,0.08,8.07191952641399,-1.7671532442994,1182.01430659117,1
0.126,0.08,8.04272034157751,-1.87827244570199,1176.86707342077,1
0.129,0.08,8.01014439204275,-1.99325498286661,1171.72082448038,1
0.132,0.08,7.97475477730228,-2.11194322234083,1166.55136876,1
0.135,0.08,7.93728247786347,-2.23398784752637,1161.32240543559,1
0.138,0.08,7.89866096792121,-2.35878626057043,1155.98127111234,1
0.141,0.08,7.86006291879801,-2.4854023109503,1150.45323681189,1
0.144,0.08,7.82293622678569,-2.61246228723915,1144.63388258472,1
0.147,0.08,7.78903413604141,-2.73802140437044,1138.37895022905,1
0.15,0.08,7.76043013399709,-2.85939492536605,1131.49095318126,1
0.153,0.08,7.7395015782594,-2.97294957398885,1123.70177429202,1
0.156,0.08,7.72885515128445,-3.07385619109367,1114.65067439596,1
0.159,0.08,7.73115022819064,-3.15581827869166,1103.85794906438,1
0.162,0.08,7.74875158693512,-3.21082269101743,1090.6966958221,1
0.165,0.08,7.78311439759383,-3.22902640044854,1074.37012926426,1
0.168,0.08,7.83379755107329,-3.19902287344523,1053.9112537111,1
0.171,0.08,7.89709791887486,-3.10892784296225,1028.23772447637,1
0.174,0.08,7.96465655663901,-2.94887324874701,996.3231371791,1
0.177,0.08,8.02309870025894,-2.71520544318351,957.577410412054,1
0.18,0.08,8.05633918471519,-2.41532495254642,912.447387554165,1
0.183,0.08,8.05118762696153,-2.06987729013541,862.87450296245,1
0.186,0.08,8.00370131116291,-1.70863308236282,811.928240903745,1
0.189,0.08,7.92152724104314,-1.36085699729959,762.571632836594,1
0.192,0.08,7.82027308414003,-1.04643144559902,716.586536653688,1
0.195,0.08,7.71707977208554,-0.772921193818353,674.415976335923,1
0.198,0.08,7.625824236513,-0.5380361802592,635.623778071397,1
0.201,0.08,7.5555543779341,-0.333857887661571,599.382435235149,1
0.204,0.08,7.51110706758419,-0.150169543687852,564.757661809368,1
0.207,0.08,7.49432563614075,0.0237757426356845,530.825792481998,1
0.21,0.08,7.50491242111726,0.198609394662021,496.705398252521,1
0.213,0.08,7.54057644443535,0.384615256229594,461.563606045106,1
0.216,0.08,7.59649325092386,0.591215989319799,424.645228527954,1
0.219,0.08,7.6644134930217,0.825533351770167,385.375365262231,1
0.222,0.08,7.7322692486791,1.08965208765406,343.594190132454,1
0.225,0.08,7.78560934581261,1.37717867593345,299.933698060871,1
0.228,0.08,7.81168536735509,1.6713582362704,256.122227168741,1
0.231,0.08,7.80475156460177,1.9477608644671,214.738988423575,1
0.234,0.08,7.76884827600194,2.18185997490705,178.239623941927,1
0.237,0.08,7.71554159753763,2.35705064324838,147.95176336751,1
0.24,0.08,7.65843350944104,2.46791690400996,123.875235120924,1
0.243,0.08,7.60847857603693,2.51822526596673,105.169997564631,1
0.246,0.08,7.57216926705483,2.51679789498409,90.7134024382695,1
0.249,0.08,7.55196321197886,2.47401381266317,79.4266503101955,1
0.252,0.08,7.54753836948385,2.39978141179806,70.4031850505506,1
0.255,0.08,7.55698386545008,2.30269768672119,62.9341896121056,1
0.258,0.08,7.57764643355414,2.18988637188751,56.4902040240674,1
0.261,0.08,7.60665192452285,2.06714597581559,50.6883972688799,1
0.264,0.08,7.64119712155824,1.93920826380022,45.259323153969,1
0.267,0.08,7.67869733693673,1.81001697456737,40.0184939910997,1
0.27,0.08,7.71684919355506,1.68299251801331,34.8439304744175,1
0.273,0.08,7.75364630955306,1.56127412828318,29.6591599701949,1
0.276,0.08,7.78737088316536,1.44794200004957,24.4206416149821,1
0.279,0.08,7.81657480196935,1.34622631967626,19.1085853354068,1
0.282,0.08,7.84005801401897,1.2597116299215,13.7202831590872,1
0.285,0.08,7.85684816328199,1.19254540548475,8.26529043343429,1
0.288,0.08,7.86618328629288,1.14965983965054,2.76231220576222,1
0.291,0.08,7.867500075419,1.13701564832734,-2.7595859920588,1
0.294,0.08,7.86044729070647,1.16187354519422,-8.23405507255957,1
0.297,0.08,7.84507429352757,1.23307279498563,-13.3521323420843,1
0.3,0.08,7.82327099399762,1.36110280026561,-16.1042040793972,4
0.0,0.082,6.0,1.0,1284.90003643277,3
0.003,0.082,6.01193935502207,1.01106100978909,1288.77929776412,1
0.006,0.082,6.03984871690165,1.01455247676472,1293.99976447855,1
0.009,0.082,6.08360358383251,1.01002363854156,1298.80734124443,1
0.012,0.082,6.14151133008723,0.997227452238421,1302.94550322114,1
0.015,0.082,6.21162566677009,0.97612377549555,1306.3785852976,1
0.018,0.082,6.29197286981369,0.946867560470414,1309.10875613953,1
0.021,0.082,6.38061895745244,0.909788933850954,1311.14943709995,1
0.024,0.082,6.47570949346529,0.865367490601924,1312.52093808392,1
0.027,0.082,6.57549990280185,0.814202705564464,1313.24912826825,1
0.03,0.082,6.67837836354172,0.756982364739677,1313.36444577132,1
0.033,0.082,6.78288151963735,0.694450824126547,1312.90091148748,1
0.036,0.082,6.88770337470405,0.627378679645372,1311.89514562556,1
0.039,0.082,6.99169802659202,0.556535113992583,1310.38542552481,1
0.042,0.082,7.09387712771975,0.482663823077494,1308.41081990157,1
0.045,0.082,7.19340307616289,0.406463059568466,1306.01042476269,1
0.048,0.082,7.28957896753013,0.328569997856696,1303.22271598723,1
0.051,0.082,7.38183628839543,0.249549345653934,1300.08502450123,1
0.054,0.082,7.46972123157064,0.169885913517405,1296.63313257027,1
0.057,0.082,7.55288038349966,0.089980706548689,1292.90098416256,1
0.06,0.082,7.63104639278998,0.0101500172390183,1288.92049852528,1
0.063,0.082,7.70402409026069,-0.069373034388698,1284.72147385994,1
0.066,0.082,7.77167740435647,-0.148435058818771,1280.33156700191,1
0.069,0.082,7.83391730691899,-0.226957560612096,1275.77633499902,1
0.072,0.082,7.89069093555744,-0.304931157397819,1271.07932515379,1
0.075,0.082,7.941971970388,-0.382409236127375,1266.26220118178,1
0.078,0.082,7.98775229341543,-0.459501356556019,1261.3448944264,1
0.081,0.082,8.02803492620286,-0.536366641035997,1256.34577038326,1
0.084,0.082,8.06282822331318,-0.613207322865452,1251.28180198774,1
0.087,0.082,8.09214129295671,-0.690262564179451,1246.16874210413,1
0.09,0.082,8.11598062027377,-0.767802599008431,1241.02128833934,1
0.093,0.082,8.13434788104746,-0.846123207000526,1235.8532336164,1
0.096,0.082,8.14723895316483,-0.925540476953702,1230.6775958106,1
0.099,0.082,8.15464415905645,-1.00638577460423,1225.50671908539,1
0.102,0.082,8.15654980429841,-1.08900078330344,1220.35233825382,1
0.105,0.082,8.15294111555611,-1.17373243582444,1215.22559537273,1
0.108,0.082,8.14380672534035,-1.2609274962726,1210.13699462708,1
0.111,0.082,8.12914490198303,-1.35092647753024,1205.09627705715,1
0.114,0.082,8.10897178102915,-1.44405648498658,1200.11219036689,1
0.117,0.082,8.08333191855303,-1.54062245266785,1195.19212027975,1
0.12,0.082,8.05231155621312,-1.64089607186708,1190.34153776619,1
0.123,0.082,8.01605505836549,-1.74510149018941,1185.56319966604,1
0.126,0.082,7.97478504539491,-1.85339656155332,1180.85601695362,1
0.129,0.082,7.92882678973851,-1.96584803105202,1176.21347258925,1
0.132,0.082,7.87863743520259,-2.08239851310408,1171.62142598481,1
0.135,0.082,7.82484049978083,-2.20282243247551,1167.05507859264,1
0.138,0.082,7.76826584833786,-2.32666720899484,1162.47478814981,1
0.141,0.082,7.70999474113552,-2.45317484770222,1157.82029853523,1
0.144,0.082,7.65140845327715,-2.58117774180408,1153.00278662639,1
0.147,0.082,7.59423693942082,-2.70896097039786,1147.89390496678,1
0.15,0.082,7.54060043649783,-2.83408190894091,1142.31071369551,1
0.153,0.082,7.49303061646549,-2.95313720246045,1135.99506745316,1
0.156,0.082,7.45444691684516,-3.06146866886403,1128.58575851036,1
0.159,0.082,7.42804448492562,-3.15280745559683,1119.58184114124,1
0.162,0.082,7.41701734947331,-3.21887932273469,1108.29695903522,1
0.165,0.082,7.42398789037295,-3.24905607987803,1093.80923203193,1
0.168,0.082,7.44994848585131,-3.23028871452591,1074.92272033098,1
0.171,0.082,7.49252315457931,-3.14786751311924,1050.17916347712,1
0.174,0.082,7.54370007978464,-2.98799327674161,1018.00889611197,1
0.177,0.082,7.58830071463656,-2.74320440301642,977.214032574715,1
0.18,0.082,7.60600920197082,-2.42000388622264,927.964779396234,1
0.183,0.082,7.57910452204582,-2.04374049879088,872.811631415096,1
0.186,0.082,7.50245597332585,-1.65343324473759,816.266771126437,1
0.189,0.082,7.38723213755044,-1.28678916238267,762.614109320801,1
0.192,0.082,7.25468476387116,-0.966912424229099,714.090895629055,1
0.195,0.082,7.12618722170436,-0.699588369595813,670.879740110206,1
0.198,0.082,7.01709783016972,-0.478657593222653,632.057969552299,1
0.201,0.082,6.93598538339362,-0.292629923916846,596.370135351553,1
0.204,0.082,6.88657090918607,-0.128852825657856,562.572837991985,1
0.207,0.082,6.86984165048162,0.0249050029637018,529.52212424806,1
0.21,0.082,6.88527208183066,0.180358938790244,496.152998235783,1
0.213,0.082,6.93096785956412,0.34907715878228,461.432127592146,1
0.216,0.082,7.0027818881403,0.542479347034562,424.342212638358,1
0.219,0.082,7.09264316319695,0.770559798400253,383.967263827108,1
0.222,0.082,7.18705990465477,1.03843038743556,339.793493249756,1
0.225,0.082,7.26795291900462,1.34087352866575,292.335877166758,1
0.228,0.082,7.31794872733164,1.65809362444756,243.831323002092,1
0.231,0.082,7.32864599766983,1.95838746480782,198.050001498917,1
0.234,0.082,7.3054238007148,2.20955262224683,158.636747333703,1
0.237,0.082,7.26384848805367,2.39133513017603,127.324888644955,1
0.24,0.082,7.22106137413851,2.49940669410411,103.764867967095,1
0.243,0.082,7.18937765325568,2.54097171613907,86.5278751002681,1
0.246,0.082,7.17480481985964,2.52827558731382,74.0017962699876,1
0.249,0.082,7.17851622256182,2.4741080960784,64.789086364531,1
0.252,0.082,7.19885899517728,2.38975175009771,57.802799315965,1
0.255,0.082,7.23285472496949,2.28444093003187,52.2464212812365,1
0.258,0.082,7.27709803474817,2.16549249302067,47.5587423744746,1
0.261,0.082,7.32823455271107,2.03865591354035,43.356233338901,1
0.264,0.082,7.38319042922423,1.9084945711116,39.3846986037063,1
0.267,0.082,7.43926513647417,1.77873445901235,35.4823382201628,1
0.27,0.082,7.49415290266914,1.65256662379732,31.5527752708371,1
0.273,0.082,7.54592983248306,1.53290801778894,27.5458291722369,1
0.276,0.082,7.59302745087653,1.42263131119149,23.4440056609294,1
0.279,0.082,7.63420411043493,1.32477538900142,19.2530947332223,1
0.282,0.082,7.66852031660086,1.2427479132397,14.9956735094679,1
0.285,0.082,7.69532082427083,1.18053071030844,10.7066609276387,1
0.288,0.082,7.71422453079719,1.14289830684701,6.43055140552411,1
0.291,0.082,7.72512346111247,1.13565950958507,2.22189603835535,1
0.294,0.082,7.72820334391455,1.16592878335285,-1.83681447776408,1
0.297,0.082,7.72408432812561,1.24240819996471,-5.4986600654269,1
0.3,0.082,7.71478833501148,1.3754679075128,-7.38994038194189,4
0.0,0.084,6.0,1.0,1283.42522505934,3
0.003,0.084,6.01183779802148,0.998526829262223,1287.27695515856,1
0.006,0.084,6.03954857897957,0.990659966500643,1292.47382901241,1
0.009,0.084,6.08305848110361,0.976020010203897,1297.27761362851,1
0.012,0.084,6.14073736633231,0.954403699455611,1301.43335529823,1
0.015,0.084,6.21069827495111,0.925785715979935,1304.90445356863,1
0.018,0.084,6.29101898793869,0.890308053862638,1307.69138989158,1
0.021,0.084,6.379806570914,0.848262681249945,1309.80547991742,1
0.024,0.084,6.47523550819011,0.800069397909842,1311.26465231365,1
0.027,0.084,6.57557720664523,0.74625044054,1312.09224058231,1
0.03,0.084,6.67922288919255,0.687403397004069,1312.31610827497,1
0.033,0.084,6.78470002614494,0.624173928178111,1311.96776862964,1
0.036,0.084,6.890682519874,0.55722962566332,1311.0814918978,1
0.039,0.084,6.99599513047568,0.487236082918863,1309.69343548475,1
0.042,0.084,7.09961285045232,0.414835964076346,1307.84083070034,1
0.045,0.084,7.20065606968488,0.340631554198192,1305.56125181182,1
0.048,0.084,7.29838242280258,0.265170995438062,1302.89198422738,1
0.051,0.084,7.39217619431538,0.18893817502218,1299.86950045798,1
0.054,0.084,7.48153609053339,0.112346043899728,1296.52904556207,1
0.057,0.084,7.56606208918194,0.0357330123228613,1292.90432830376,1
0.06,0.084,7.64544196347331,-0.0406380123376604,1289.02731027434,1
0.063,0.084,7.71943795985059,-0.116578416268894,1284.92808262837,1
0.066,0.084,7.78787399691404,-0.191970968957074,1280.6348186723,1
0.069,0.084,7.8506236532078,-0.266765655486021,1276.17379007717,1
0.072,0.084,7.90759912691557,-0.340974649603208,1271.56943472567,1
0.075,0.084,7.95874128232623,-0.414666769808901,1266.84446491607,1
0.078,0.084,8.00401084596614,-0.487961700102425,1262.02000563287,1
0.081,0.084,8.04338077842167,-0.561024196149555,1257.11575368697,1
0.084,0.084,8.07682982450685,-0.634058439437818,1252.15014959181,1
0.087,0.084,8.10433723285818,-0.707302648068202,1247.14055496712,1
0.09,0.084,8.12587863467112,-0.781024003692583,1242.10342896003,1
0.093,0.084,8.14142307881046,-0.855513909334882,1237.05449756626,1
0.096,0.084,8.1509312359719,-0.931083551260231,1232.00890974352,1
0.099,0.084,8.15435480739623,-1.00805969783939,1226.98137374451,1
0.102,0.084,8.15163720371269,-1.08678062700054,1221.98626604181,1
0.105,0.084,8.14271559710716,-1.16759202814465,1217.03770340873,1
0.108,0.084,8.12752449584507,-1.25084267020383,1212.14956593014,1
0.111,0.084,8.10600104522031,-1.33687955953386,1207.33545461389,1
0.114,0.084,8.07809232442475,-1.42604222262041,1202.60856138005,1
0.117,0.084,8.04376498576207,-1.51865562997088,1197.98142083363,1
0.12,0.084,8.00301767168706,-1.61502111681841,1193.46550137957,1
0.123,0.084,7.95589674568261,-1.7154044369599,1189.07057647359,1
0.126,0.084,7.90251598167453,-1.82001978617665,1184.80379301834,1
0.129,0.084,7.84308096519723,-1.92900822192106,1180.66832004203,1
0.132,0.084,7.77791905050868,-2.04240834770119,1176.66141233017,1
0.135,0.084,7.70751575820807,-2.16011637407251,1172.77165396471,1
0.138,0.084,7.6325584274826,-2.28183165115321,1168.97504588305,1
0.141,0.084,7.55398764952216,-2.40698241639748,1165.22945490992,1
0.144,0.084,7.47305631802824,-2.53462473687364,1161.46672747405,1
0.147,0.084,7.39139471341158,-2.66330538138964,1157.58145782155,1
0.15,0.084,7.31107730809644,-2.79087663029829,1153.41494460506,1
0.153,0.084,7.23468186882437,-2.91424800439243,1148.7322219429,1
0.156,0.084,7.16532186505421,-3.02905731343512,1143.18918287721,1
0.159,0.084,7.10661504582589,-3.1292435841234,1136.28585518603,1
0.162,0.084,7.06251577595814,-3.20651456531066,1127.30140976568,1
0.165,0.084,7.03687099817865,-3.24974192234921,1115.20872389882,1
0.168,0.084,7.03243359951038,-3.24444904672585,1098.57705672841,1
0.171,0.084,7.04889599361795,-3.17293730546049,1075.49827607705,1
0.174,0.084,7.07960872762816,-3.01643133554307,1043.64140471381,1
0.177,0.084,7.10805976667716,-2.76156052750883,1000.77080393976,1
0.18,0.084,7.10857660724008,-2.41207522549307,946.333575324986,1
0.183,0.084,7.05676006395404,-1.99904353444941,883.649169477092,1
0.186,0.084,6.94569904298407,-1.57489044446373,819.62712321177,1
0.189,0.084,6.79208756103955,-1.18906361249985,760.665590524765,1
0.192,0.084,6.62518779026726,-0.867587273233611,709.470353973397,1
0.195,0.084,6.47117112316594,-0.612063776743416,665.576675079291,1
0.198,0.084,6.34584492718336,-0.410432159110571,627.251966016952,1
0.201,0.084,6.25593141472997,-0.246840473120376,592.655989162522,1
0.204,0.084,6.20308883927908,-0.106313723465381,560.189751494775,1
0.207,0.084,6.1870257139459,0.0243631539489494,528.495783331948,1
0.21,0.084,6.20698743843059,0.157407769640244,496.346989858493,1
0.213,0.084,6.26186728642896,0.305191998813852,462.514681929078,1
0.216,0.084,6.34902803954543,0.481011303226725,425.673940427458,1
0.219,0.084,6.46173425601795,0.698387797295308,384.425988628306,1
0.222,0.084,6.58589977305606,0.967137460254177,337.629554784828,1
0.225,0.084,6.69928446740862,1.28513285663568,285.385884235172,1
0.228,0.084,6.77790817748247,1.62961276172861,230.517370814657,1
0.231,0.084,6.80915312917683,1.95870441356481,178.708216717091,1
0.234,0.084,6.8003854411505,2.22909745892335,135.581259433277,1
0.237,0.084,6.77302174554118,2.41621960476474,103.347202666575,1
0.24,0.084,6.74861917008914,2.51854084066868,80.8812884260271,1
0.243,0.084,6.74035906625308,2.54852175600589,65.7892050265608,1
0.246,0.084,6.75284680713778,2.52269282668823,55.7923878760164,1
0.249,0.084,6.78532797469619,2.45635429866985,49.1238822645184,1
0.252,0.084,6.83454890438872,2.36194815801093,44.521021318283,1
0.255,0.084,6.89642938957257,2.24908153960222,41.1226895034007,1
0.258,0.084,6.96688477967978,2.12504176177199,38.3607340734203,1
0.261,0.084,7.04218866397431,1.99536299301314,35.8716663908485,1
0.264,0.084,7.11910693539867,1.86432157397398,33.4323092473616,1
0.267,0.084,7.19492235379867,1.73534206475254,30.9150312584493,1
0.27,0.084,7.26741044661924,1.6113262747556,28.2572378439739,1
0.273,0.084,7.33479786162927,1.49492412230261,25.4408050497607,1
0.276,0.084,7.39571924157996,1.3887645369238,22.4783273913398,1
0.279,0.084,7.44918080741528,1.29566238085396,19.4040112628968,1
0.282,0.084,7.49453458168857,1.21881519570765,16.2677290370006,1
0.285,0.084,7.53146481343079,1.16200199166338,13.1312290583921,1
0.288,0.084,7.55998686426712,1.12979537501193,10.0659337149761,1
0.291,0.084,7.58045874274914,1.127797701039,7.15287819577537,1
0.294,0.084,7.59361092271548,1.16290887253883,4.49179319699672,1
0.297,0.084,7.60064218754699,1.24360797871043,2.26944882494578,1
0.3,0.084,7.60372080539965,1.38004081888773,1.22973313656611,4
0.0,0.086,6.0,1.0,1282.24186533375,3
0.003,0.086,6.01175398718399,0.986082985712887,1286.07115065675,1
0.006,0.086,6.03930247535642,0.966907084542547,1291.24953379389,1
0.009,0.086,6.08261512364563,0.942164510296574,1296.05183557123,1
0.012,0.086,6.14011467233094,0.911698058490632,1300.22432625701,1
0.015,0.086,6.20996401113024,0.875501438579782,1303.72956620395,1
0.018,0.086,6.29028391823589,0.833709535541714,1306.56658420396,1
0.021,0.086,6.37921544800664,0.78658323979834,1308.74490287202,1
0.024,0.086,6.47495669170374,0.73449038234732,1310.28043345474,1
0.027,0.086,6.57579160640117,0.677884030825776,1311.19436623149,1
0.03,0.086,6.6801129014151,0.617279416998608,1311.51239055826,1
0.033,0.086,6.78643905778712,0.553230723880422,1311.26390215695,1
0.036,0.086,6.89342558236354,0.48630883017433,1310.48118646827,1
0.039,0.086,6.9998708459406,0.4170809117198,1309.1986101489,1
0.042,0.086,7.10471706866543,0.346092563730644,1307.45185314667,1
0.045,0.086,7.20704715760672,0.273852862207923,1305.27720717801,1
0.048,0.086,7.30607817151242,0.200822551484669,1302.71095873667,1
0.051,0.086,7.40115219654998,0.127405344165387,1299.78886737882,1
0.054,0.086,7.49172537811283,0.0539421595605272,1296.54574353289,1
0.057,0.086,7.57735578211873,-0.0192919893657468,1293.0151247526,1
0.06,0.086,7.65769066811174,-0.0920888239064602,1289.22904526705,1
0.063,0.086,7.73245365730214,-0.164305741252146,1285.21789084265,1
0.066,0.086,7.8014321802708,-0.235863273079403,1281.01032922999,1
0.069,0.086,7.86446549768261,-0.306741444947584,1276.63330564377,1
0.072,0.086,7.92143350694364,-0.376975384517143,1272.11209261392,1
0.075,0.086,7.97224648035918,-0.446650480655561,1267.47038395277,1
0.078,0.086,8.0168358266479,-0.515897344669787,1262.73042332319,1
0.081,0.086,8.05514592732415,-0.584886773139764,1257.91315880906,1
0.084,0.086,8.08712707158302,-0.653824861821158,1253.03841584839,1
0.087,0.086,8.11272949676457,-0.722948373404624,1248.12508178384,1
0.09,0.086,8.13189853506898,-0.792520419157943,1243.19129602381,1
0.093,0.086,8.14457086993399,-0.862826475407787,1238.25464031072,1
0.096,0.086,8.15067191663918,-0.934170719507706,1233.33232378353,1
0.099,0.086,8.15011436089803,-1.00687263481933,1228.44135731115,1
0.102,0.086,8.14279791648853,-1.08126379809934,1223.59871085064,1
0.105,0.086,8.1286103988695,-1.15768472260895,1218.8214461962,1
0.108,0.086,8.10743025723806,-1.2364815824125,1214.12681521326,1
0.111,0.086,8.07913076411334,-1.31800258265546,1209.53231017779,1
0.114,0.086,8.043586131279,-1.40259366035905,1205.05564769935,1
0.117,0.086,8.00067990616949,-1.49059309129708,1200.71466021041,1
0.12,0.086,7.95031610610863,-1.58232442831273,1196.52705814383,1
0.123,0.086,7.89243367146567,-1.67808698773059,1192.51001019291,1
0.126,0.086,7.8270249638287,-1.77814280946387,1188.6794662189,1
0.129,0.086,7.75415919983016,-1.88269861006131,1185.04911407688,1
0.132,0.086,7.6740118874509,-1.99188068101626,1181.62881277799,1
0.135,0.086,7.58690150038613,-2.1056998955383,1178.42227218167,1
0.138,0.086,7.49333474800059,-2.22400289285713,1175.42364167537,1
0.141,0.086,7.39406179854566,-2.34640400070042,1172.61250790263,1
0.144,0.086,7.29014255473557,-2.47219039296383,1169.94655383148,1
0.147,0.086,7.18302431804819,-2.60019018429164,1167.35074838494,1
0.15,0.086,7.07462946702528,-2.7285894249299,1164.70133574505,1
0.153,0.086,6.96744828392397,-2.85467904855756,1161.80194355049,1
0.156,0.086,6.86462511825885,-2.97450657584979,1158.34763046733,1
0.159,0.086,6.77001200483511,-3.08240015167501,1153.87036917306,1
0.162,0.086,6.68813412674692,-3.17032653517243,1147.65629680942,1
0.165,0.086,6.62394405321231,-3.22705312539254,1138.62148175796,1
0.168,0.086,6.58209218123217,-3.23714782255519,1125.13578817991,1
0.171,0.086,6.56508049648035,-3.18016373936047,1104.80713247516,1
0.174,0.086,6.56916242510912,-3.0315077562857,1074.30387706227,1
0.177,0.086,6.5778584497885,-2.76902178668362,1029.67522893977,1
0.18,0.086,6.55908847455242,-2.39012570353283,968.680539076436,1
0.183,0.086,6.47842756697824,-1.93241467666812,895.467505668501,1
0.186,0.086,6.32625168468218,-1.46855504673465,821.15116438407,1
0.189,0.086,6.12827057521766,-1.06464727665357,755.634792031623,1
0.192,0.086,5.92514006720884,-0.747981473750095,701.877760273281,1
0.195,0.086,5.74770514077983,-0.51172843942928,657.990169456721,1
0.198,0.086,5.60998370644195,-0.335328483968653,620.939725830496,1
0.201,0.086,5.51484684071329,-0.198125361230808,588.129137052914,1
0.204,0.086,5.46085900681542,-0.0834167283865522,557.589264738169,1
0.207,0.086,5.44611069969722,0.022166604890851,527.796735688062,1
0.21,0.086,5.46965249133399,0.130526090013625,497.423592362019,1
0.213,0.086,5.53153910441627,0.254071497562056,465.087720125174,1
0.216,0.086,5.63159248290258,0.407459694295689,429.135570509734,1
0.219,0.086,5.76614151398141,0.608137688612616,387.521219076719,1
0.222,0.086,5.92235069277429,0.872823369143434,338.0466188008,1
0.225,0.086,6.07381607538381,1.205949034205,279.771167948917,1
0.228,0.086,6.187069452895,1.58290639600797,216.026812842793,1
0.231,0.086,6.24250842218456,1.94729765789612,155.687294743468,1
0.234,0.086,6.25048875406757,2.23907448649347,107.84588690236,1
0.237,0.086,6.24111640198571,2.42898117437585,75.1282312302342,1
0.24,0.086,6.24109911598926,2.5214992167569,54.7502085574143,1
0.243,0.086,6.2631892303571,2.53678940805729,42.7738402611209,1
0.246,0.086,6.30923503382247,2.49631362393368,36.0712320114326,1
0.249,0.086,6.37593588374649,2.41761657880896,32.4959344935577,1
0.252,0.086,6.4583489246908,2.3138606747233,30.6516655553614,1
0.255,0.086,6.55141933754651,2.19466792247574,29.6604357606644,1
0.258,0.086,6.65056437947321,2.0670471441508,28.9855648556615,1
0.261,0.086,6.75186036593437,1.93615252157301,28.3112665730149,1
0.264,0.086,6.85206214969139,1.80586633630006,27.4645013545005,1
0.267,0.086,6.94855668668516,1.67924196606687,26.3647812615653,1
0.27,0.086,7.03929596172139,1.5588454216123,24.9920345971771,1
0.273,0.086,7.12273046491369,1.44702654434325,23.366054960639,1
0.276,0.086,7.1977532080047,1.34614423447377,21.5334380608766,1
0.279,0.086,7.26365879940581,1.25876486665985,19.5594048635241,1
0.282,0.086,7.32011933281922,1.18784939543705,17.522842341552,1
0.285,0.086,7.36717743750576,1.13694230477379,15.5134739411548,1
0.288,0.086,7.40525611870026,1.11037427140335,13.630446750418,1
0.291,0.086,7.43518464707329,1.11348969057029,11.9819252619133,1
0.294,0.086,7.45823960207536,1.15290728588299,10.6857083328324,1
0.297,0.086,7.47619919524696,1.23679745059818,9.87085995477635,1
0.3,0.086,7.49138964284973,1.37497463872912,9.66432036344726,4
0.0,0.088,6.0,1.0,1281.3413158797,3
0.003,0.088,6.01168769971993,0.973711906701062,1285.15322680088,1
0.006,0.088,6.03911010270407,0.943264864325018,1290.31834572079,1
0.009,0.088,6.08227385287624,0.908423253911388,1295.121786434,1
0.012,0.088,6.13964555729916,0.869078111834576,1299.31069087401,1
0.015,0.088,6.20942898370375,0.825245914767387,1302.84685345276,1
0.018,0.088,6.2897797584083,0.7770595054864,1305.72805209905,1
0.021,0.088,6.37886604144785,0.724754758886963,1307.96229047818,1
0.024,0.088,6.4749042012152,0.668654202038311,1309.56378532413,1
0.027,0.088,6.57618711922663,0.609148592184133,1310.55193606128,1
0.03,0.088,6.68110709297221,0.546677472658486,1310.95062156192,1
0.033,0.088,6.78817335671119,0.481709696252537,1310.78747882905,1
0.036,0.088,6.89602423216941,0.414724804166634,1310.09314874132,1
0.039,0.088,7.00343414804981,0.346195992151168,1308.90051834866,1
0.042,0.088,7.10931597414023,0.276575206784313,1307.2439908953,1
0.045,0.088,7.21271926290222,0.20628071660082,1305.15880935298,1
0.048,0.088,7.31282507596923,0.135687313957996,1302.68045252432,1
0.051,0.088,7.40893810172878,0.0651191380435815,1299.84411608127,1
0.054,0.088,7.50047675363041,-0.0051550241868206,1296.6842848129,1
0.057,0.088,7.58696188887356,-0.0749242005872163,1293.23439719042,1
0.06,0.088,7.66800471523489,-0.144035764748321,1289.52659926092,1
0.063,0.088,7.74329437023145,-0.212394372107681,1285.59158187683,1
0.066,0.088,7.81258556995087,-0.279959643883155,1281.45849327988,1
0.069,0.088,7.87568664103428,-0.346742927027455,1277.15491795394,1
0.072,0.088,7.93244817283865,-0.412803429611775,1272.70691227563,1
0.075,0.088,7.98275246040832,-0.47824399323674,1268.1390876541,1
0.078,0.088,8.02650385388181,-0.543206721677417,1263.47473239574,1
0.081,0.088,8.06362008668965,-0.607868641413428,1258.73596431018,1
0.084,0.088,8.09402462305228,-0.67243752736882,1253.9439069622,1
0.087,0.088,8.11764004418764,-0.737147987534452,1249.11888336601,1
0.09,0.088,8.13438248148075,-0.802257863778443,1244.28062172427,1
0.093,0.088,8.14415710290279,-0.868044972957572,1239.44846845774,1
0.096,0.088,8.14685466564154,-0.934804181686706,1234.64160417999,1
0.099,0.088,8.14234916297782,-1.00284477848708,1229.87925836524,1
0.102,0.088,8.13049661707451,-1.07248807660956,1225.18091813925,1
0.105,0.088,8.11113510218589,-1.1440651470266,1220.56652575871,1
0.108,0.088,8.08408612606246,-1.21791454044633,1216.05665774292,1
0.111,0.088,8.04915755289147,-1.29437980507193,1211.67267599917,1
0.114,0.088,8.00614832156937,-1.37380653686656,1207.43683721922,1
0.117,0.088,7.95485530182391,-1.45653860251545,1203.37234068627,1
0.12,0.088,7.89508274181873,-1.54291303982125,1199.50328546924,1
0.123,0.088,7.82665489909486,-1.63325294858794,1195.85449435364,1
0.126,0.088,7.74943261684513,-1.72785741254988,1192.45114157511,1
0.129,0.088,7.66333481342662,-1.82698710465615,1189.31809111368,1
0.132,0.088,7.5683660954768,-1.93084367449975,1186.47880674861,1
0.135,0.088,7.46465197783313,-2.03954022799702,1183.9536260376,1
0.138,0.088,7.35248347667705,-2.15305908765552,1181.75708470596,1
0.141,0.088,7.23237309048708,-2.27119143100556,1179.89381408393,1
0.144,0.088,7.10512430654877,-2.39345115783885,1178.35227613614,1
0.147,0.088,6.9719166028921,-2.51895217712477,1177.09518593952,1
0.15,0.088,6.83440716298308,-2.64623387296193,1176.04478941209,1
0.153,0.088,6.69484865196508,-2.77301328531929,1175.06001161845,1
0.156,0.088,6.55621842287795,-2.89583369529844,1173.90049036136,1
0.159,0.088,6.42234613028808,-3.00956642845751,1172.16897368826,1
0.162,0.088,6.29800817220387,-3.1067038524763,1169.21719412392,1
0.165,0.088,6.18891111005037,-3.17635369817715,1163.98986926957,1
0.168,0.088,6.10135372764423,-3.20283226770135,1154.76314181555,1
0.171,0.088,6.04100966337411,-3.16380354696494,1138.73123677935,1
0.174,0.088,6.00893259688253,-3.02882679476943,1111.39985132992,1
0.177,0.088,5.99164329479954,-2.76357241158969,1066.13677454998,1
0.18,0.088,5.95044419974951,-2.35247271155267,996.962738625869,1
0.183,0.088,5.83566881278383,-1.83923649162177,908.392599820241,1
0.186,0.088,5.63352942509608,-1.32871289654124,819.408871423789,1
0.189,0.088,5.38505062455234,-0.910937534940573,745.924323282063,1
0.192,0.088,5.14674070411463,-0.609488866827692,690.254817047194,1
0.195,0.088,4.95196344307944,-0.401991080111184,647.583407808912,1
0.198,0.088,4.80875925259573,-0.256754981314436,612.903676563384,1
0.201,0.088,4.71371877966067,-0.148891396899777,582.726976809841,1
0.204,0.088,4.66159000071837,-0.0612609266999294,554.772682269535,1
0.207,0.088,4.64878226971355,0.0185532944649538,527.462139796669,1
0.21,0.088,4.67422876623088,0.101188505382114,499.480416357964,1
0.213,0.088,4.73934062658327,0.198093171808773,469.390767950226,1
0.216,0.088,4.84713917393977,0.324198229734523,435.250626892076,1
0.219,0.088,4.99916403493028,0.500459725924509,394.22266258077,1
0.222,0.088,5.1873506684514,0.752808203211028,342.43761716762,1
0.225,0.088,5.38277386881234,1.09817304390766,276.653089334937,1
0.228,0.088,5.53859269948747,1.5138769293943,200.121536952961,1
0.231,0.088,5.62314339968483,1.92243679486809,127.225959658601,1
0.234,0.088,5.65131225518604,2.23725676181858,73.5476595533241,1
0.237,0.088,5.66623055381617,2.42528969892155,41.5301015533173,1
0.24,0.088,5.69964299946013,2.50287219351381,24.9056732970624,1
0.243,0.088,5.7611914494363,2.50064599955249,17.3944474481867,1
0.246,0.088,5.84835784204939,2.44489614585544,14.921638915512,1
0.249,0.088,5.95504654561331,2.35460339740038,15.0470051526715,1
0.252,0.088,6.07489000436325,2.24301834091069,16.3437192994517,1
0.255,0.088,6.20219352819405,2.11938540992803,17.995419500044,1
0.258,0.088,6.33217147791804,1.99020018649623,19.5489272714777,1
0.261,0.088,6.46093645838069,1.8600990591588,20.7696754681245,1
0.264,0.088,6.58541072684181,1.73248937020695,21.5561111958631,1
0.267,0.088,6.70321973586417,1.61000581840412,21.8885178270367,1
0.27,0.088,6.81259197512618,1.49485012616553,21.7980575167427,1
0.273,0.088,6.91227535794212,1.3890534752862,21.3479975040016,1
0.276,0.088,7.00147428588877,1.29468998598012,20.6224448318187,1
0.279,0.088,7.0798086548572,1.21406231156749,19.7198078048299,1
0.282,0.088,7.14729474584353,1.14987577035641,18.7492845747347,1
0.285,0.088,7.20434743032828,1.10541458091077,17.8293022306857,1
0.288,0.088,7.25180293367467,1.08473224772795,17.0871112036051,1
0.291,0.088,7.29096073271111,1.09286737515498,16.6582319190978,1
0.294,0.088,7.32363759384546,1.13609345545868,16.6790310359916,1
0.297,0.088,7.35218403846442,1.22218774313217,17.2238371281679,1
0.3,0.088,7.37909236083578,1.36052603386678,17.8225449507075,4
0.0,0.09,6.0,1.0,1280.71624228538,3
0.003,0.09,6.01163884822255,0.961396101591247,1284.51586681034,1
0.006,0.09,6.03897152822655,0.919704134546402,1289.67309092621,1
0.009,0.09,6.08203560688832,0.874761489188579,1294.48058555634,1
0.012,0.09,6.13933302118541,0.826509574293365,1298.68600602271,1
0.015,0.09,6.2090998472499,0.774990984536102,1302.25043557358,1
0.018,0.09,6.28951869270937,0.720340907525162,1305.17057693085,1
0.021,0.09,6.3787780758879,0.662775360998865,1307.45315804635,1
0.024,0.09,6.47510729393735,0.60257718449822,1309.1109912035,1
0.027,0.09,6.57680436464187,0.540080572239644,1310.162004987,1
0.03,0.09,6.68225899408453,0.475654948414712,1310.62860172819,1
0.033,0.09,6.78997054664141,0.409688961325737,1310.53699287311,1
0.036,0.09,6.89856095869044,0.342575292246509,1309.91649444379,1
0.039,0.09,7.00678274719714,0.274696851047411,1308.7988099627,1
0.042,0.09,7.11352246507752,0.206414781165351,1307.21733094446,1
0.045,0.09,7.21780010592016,0.138058538958441,1305.20648063336,1
0.048,0.09,7.3187650561396,0.069918161813192,1302.80112073119,1
0.051,0.09,7.41568923697277,0.00223870673222,1300.03603473617,1
0.054,0.09,7.50795807982402,-0.0647832664801185,1296.94549577581,1
0.057,0.09,7.59505994593945,-0.131001372816661,1293.56292180538,1
0.06,0.09,7.67657454517848,-0.196319497390284,1289.92061694641,1
0.063,0.09,7.75216083797773,-0.260690591581075,1286.04959462093,1
0.066,0.09,7.82154482738182,-0.32411445790374,1281.97947596499,1
0.069,0.09,7.88450757054604,-0.386634799633136,1277.73845568687,1
0.072,0.09,7.94087366605065,-0.44833578747073,1273.35332693641,1
0.075,0.09,7.99050040784289,-0.509338364233076,1268.8495567253,1
0.078,0.09,8.03326774050591,-0.569796473365313,1264.25140383422,1
0.081,0.09,8.06906910471261,-0.629893360890188,1259.5820718264,1
0.084,0.09,8.09780322631374,-0.689838065230058,1254.86389063724,1
0.087,0.09,8.11936687724279,-0.749862176440335,1250.11852112636,1
0.09,0.09,8.13364862077635,-0.810216916326261,1245.36717787723,1
0.093,0.09,8.14052354711786,-0.871170563630535,1240.63086634034,1
0.096,0.09,8.13984900734409,-0.933006223389519,1235.9306310743,1
0.099,0.09,8.1314613642936,-0.996019915568473,1231.2878122813,1
0.102,0.09,8.11517379818355,-1.06051893358665,1226.72430798028,1
0.105,0.09,8.09077523330134,-1.12682039610165,1222.26283891187,1
0.108,0.09,8.05803049132905,-1.1952498824096,1217.92721247108,1
0.111,0.09,8.01668182876099,-1.26613999888672,1213.74258039398,1
0.114,0.09,7.96645208340892,-1.33982866528948,1209.73568223839,1
0.117,0.09,7.90704974215576,-1.41665682731863,1205.93506237037,1
0.12,0.09,7.83817635413182,-1.49696518402045,1202.37124138607,1
0.123,0.09,7.75953685685735,-1.58108934858252,1199.07681240938,1
0.126,0.09,7.67085356532188,-1.66935261453682,1196.08641655957,1
0.129,0.09,7.57188480383322,-1.76205514085635,1193.43652702545,1
0.132,0.09,7.46244944550375,-1.8594578472889,1191.16493278134,1
0.135,0.09,7.34245896874728,-1.96175855051571,1189.30975328569,1
0.138,0.09,7.21195903964979,-2.06905676403691,1187.90772187483,1
0.141,0.09,7.07118306092104,-2.18130197479063,1186.99132690977,1
0.144,0.09,6.92062053623357,-2.29821787696275,1186.58415979665,1
0.147,0.09,6.76110337196945,-2.41919167570854,1186.69342319875,1
0.15,0.09,6.59391318025312,-2.5431127268413,1187.2978807415,1
0.153,0.09,6.42091196017528,-2.66813777464536,1188.32834651023,1
0.156,0.09,6.2446967410491,-2.79134979436656,1189.63563909297,1
0.159,0.09,6.06877533393701,-2.90826162942017,1190.93673167398,1
0.162,0.09,5.89775288454268,-3.01208942588208,1191.72141754378,1
0.165,0.09,5.73750322724023,-3.09267331930868,1191.08403007106,1
0.168,0.09,5.59523421750375,-3.13482145912993,1187.40763289433,1
0.171,0.09,5.47912142705095,-3.11575461607058,1177.74570059339,1
0.174,0.09,5.39629116424018,-3.00089554085312,1156.60927247282,1
0.177,0.09,5.34143097847044,-2.74132090399738,1113.63850251551,1
0.18,0.09,5.27198206021388,-2.2968356771352,1034.88096248421,1
0.183,0.09,5.11515591174119,-1.71248042172339,922.734616180992,1
0.186,0.09,4.85103347446015,-1.14784132743998,812.053192571816,1
0.189,0.09,4.54762706644931,-0.727029687346341,729.3203993648,1
0.192,0.09,4.28170839944999,-0.457012757679192,673.442091954441,1
0.195,0.09,4.08189944195693,-0.289110264711125,633.943856839489,1
0.198,0.09,3.9436946157162,-0.179698562437542,603.078712714032,1
0.201,0.09,3.85560782397046,-0.102234812386324,576.489214937536,1
0.204,0.09,3.80884483143601,-0.0411071807067553,551.778204827134,1
0.207,0.09,3.79850287956754,0.0140020998659153,527.504992034154,1
0.21,0.09,3.82351639850423,0.0715803539582455,502.530380354452,1
0.213,0.09,3.8865189294253,0.141093811947815,475.536708163949,1
0.216,0.09,3.99366502277566,0.236093986664862,444.448970081961,1
0.219,0.09,4.15339968147312,0.378959079709099,405.617516813961,1
0.222,0.09,4.36807114603853,0.605723224656312,352.762582682862,1
0.225,0.09,4.61215051918344,0.955000352760973,277.971741625284,1
0.228,0.09,4.8213838279314,1.41633288271708,182.335979205513,1
0.231,0.09,4.94250618925349,1.88172495469166,90.0470657610044,1
0.234,0.09,4.99704460386499,2.21956827032227,29.7539901153215,1
0.237,0.09,5.0475147728393,2.39800024848462,1.2252188872336,1
0.24,0.09,5.12786098982311,2.45519100090381,-8.96398079051561,1
0.243,0.09,5.24012793130878,2.43402798092252,-10.2431178077764,1
0.246,0.09,5.37647979932093,2.36396414842728,-7.42555630031508,1
0.249,0.09,5.52871873424967,2.26412098240784,-2.98283394210223,1
0.252,0.09,5.68974928263587,2.14719165223105,1.80997747263034,1
0.255,0.09,5.85377467585417,2.02170743870335,6.30449069056063,1
0.258,0.09,6.01618735064821,1.89348171259043,10.193187577071,1
0.261,0.09,6.17340392839534,1.76654691377521,13.3590403053081,1
0.264,0.09,6.32270362392029,1.64379309282705,15.7936280413354,1
0.267,0.09,6.46208547739654,1.52741717660331,17.5510651031089,1
0.27,0.09,6.59015073572378,1.41924927073288,18.7216734708733,1
0.273,0.09,6.70601257561151,1.32099930864145,19.4169708790912,1
0.276,0.09,6.80923336385609,1.23445415888898,19.7613808026861,1
0.279,0.09,6.89978858785065,1.16164710663195,19.8880486007476,1
0.282,0.09,6.97805627414894,1.10501640850898,19.9372245718394,1
0.285,0.09,7.04483084785044,1.06756645663428,20.0562576358332,1
0.288,0.09,7.10136060514018,1.05304342646349,20.4003922472588,1
0.291,0.09,7.14940697266866,1.06613650604844,21.1322552568521,1
0.294,0.09,7.19131297404261,1.1127133035194,22.4069008790467,1
0.297,0.09,7.2299857083423,1.20007601050517,24.247387952657,1
0.3,0.09,7.26808756255429,1.33705587681045,25.6136593160864,4
0.0,0.092,6.0,1.0,1280.36055044208,3
0.003,0.092,6.01160746966948,0.949118040305888,1284.15302563799,1
0.006,0.092,6.03888716268354,0.896195357261312,1289.30788603049,1
0.009,0.092,6.08190188472785,0.841143477710977,1294.12262792669,1
0.012,0.092,6.13918072925151,0.78395629139146,1298.34505468195,1
0.015,0.092,6.20898381451337,0.724705533044493,1301.93557823121,1
0.018,0.092,6.28951307133424,0.663532523382788,1304.88998112929,1
0.021,0.092,6.3789707222244,0.600637768805448,1307.21393458666,1
0.024,0.092,6.47559361664958,0.536269079545763,1308.91911064395,1
0.027,0.092,6.57768097913031,0.470708802278784,1310.02226154631,1
0.03,0.092,6.68361750968009,0.404260774182587,1310.5446234875,1
0.033,0.092,6.79189177828959,0.337237581597256,1310.51129518618,1
0.036,0.092,6.90110979923663,0.269948640537091,1309.95057116478,1
0.039,0.092,7.0100038676223,0.202689518400912,1308.89325546548,1
0.042,0.092,7.11743693655668,0.135732799694965,1307.37198507555,1
0.045,0.092,7.22240296685881,0.0693206766277023,1305.42058865497,1
0.048,0.092,7.32402378511157,0.0036593293397004,1303.07350084216,1
0.051,0.092,7.42154304240506,-0.0610849412467023,1300.36524674159,1
0.054,0.092,7.51431788100736,-0.124787947114682,1297.3300057439,1
0.057,0.092,7.60180889742726,-0.187368392693149,1294.0012589505,1
0.06,0.092,7.68356894652156,-0.24878741789166,1290.41152038685,1
0.063,0.092,7.75923127085392,-0.309047140756904,1286.59214898895,1
0.066,0.092,7.82849736994783,-0.368188437679584,1282.5732360396,1
0.069,0.092,7.89112495164491,-0.426288187904748,1278.38356125184,1
0.072,0.092,7.94691623733197,-0.48345618870088,1274.05060993752,1
0.075,0.092,7.99570682782187,-0.539831921372671,1269.60064353247,1
0.078,0.092,8.03735527944068,-0.595581319280337,1265.05881604062,1
0.081,0.092,8.07173349166609,-0.650893659440499,1260.44932958247,1
0.084,0.092,8.09871796900281,-0.705978670759175,1255.79562307564,1
0.087,0.092,8.11818199067358,-0.761063925493704,1251.12058904199,1
0.09,0.092,8.12998870184606,-0.816392556605384,1246.44681455038,1
0.093,0.092,8.13398512908999,-0.872221322204543,1241.79684330371,1
0.096,0.092,8.1299971201983,-0.928819018822511,1237.1934568138,1
0.099,0.092,8.11782521423953,-0.986465226872093,1232.65997342972,1
0.102,0.092,8.09724146189507,-1.04544935304111,1228.22056464658,1
0.105,0.092,8.06798723939809,-1.10606991363544,1223.90058855612,1
0.108,0.092,8.02977213296857,-1.16863397747696,1219.72694041469,1
0.111,0.092,7.98227401655103,-1.23345665329115,1215.72841994938,1
0.114,0.092,7.92514050692234,-1.30086045952896,1211.9361139663,1
0.117,0.092,7.85799206109654,-1.37117434697655,1208.38379069169,1
0.12,0.092,7.78042708718497,-1.44473204568538,1205.10829847095,1
0.123,0.092,7.69202957904564,-1.52186926201787,1202.14995502508,1
0.126,0.092,7.59237996675063,-1.60291903563672,1199.55290290152,1
0.129,0.092,7.48107011061099,-1.6882042452619,1197.36538963336,1
0.132,0.092,7.35772366892149,-1.77802577393364,1195.63990352561,1
0.135,0.092,7.2220234505451,-1.87264413163457,1194.43305155631,1
0.138,0.092,7.07374782927167,-1.97225126985601,1193.80499411492,1
0.141,0.092,6.91281883925149,-2.07692773858991,1193.81813453755,1
0.144,0.092,6.7393651508531,-2.18657798231361,1194.53456905745,1
0.147,0.092,6.55380364900339,-2.3008330909008,1196.01148005114,1
0.15,0.092,6.35694362286987,-2.41890519920004,1198.29309768405,1
0.153,0.092,6.15011733612939,-2.53937024759582,1201.39685667324,1
0.156,0.092,5.93533971889328,-2.65984474708392,1205.28946557645,1
0.159,0.092,5.71549787272377,-2.77650569889375,1209.8448326323,1
0.162,0.092,5.4945702246925,-2.88337459433214,1214.76716418374,1
0.165,0.092,5.27787337396743,-2.97123597998191,1219.44409585604,1
0.168,0.092,5.07236141145408,-3.02593822073335,1222.64102078972,1
0.171,0.092,4.88688907758892,-3.02549503451373,1221.8160320325,1
0.174,0.092,4.7323702083058,-2.93503496563923,1211.4675825553,1
0.177,0.092,4.61776643995403,-2.69370247444655,1177.56125273537,1
0.18,0.092,4.50683557655878,-2.2193747307936,1090.13654326051,1
0.183,0.092,4.29386372755097,-1.53965792092478,939.549477438598,1
0.186,0.092,3.95127630731684,-0.915956541575759,795.520170550654,1
0.189,0.092,3.59637261102428,-0.516848130045572,703.19966264558,1
0.192,0.092,3.32378585339811,-0.301430727132479,650.595900460162,1
0.195,0.092,3.13957034801764,-0.182586682649784,617.102147232742,1
0.198,0.092,3.01958960494356,-0.110333295474677,591.735728742678,1
0.201,0.092,2.94609008597632,-0.0616209660096445,569.62805937446,1
0.204,0.092,2.90821677335819,-0.024214680107868,548.705929944878,1
0.207,0.092,2.9006776823412,0.0091879463279779,527.897724247281,1
0.21,0.092,2.92254642512913,0.0444083651722458,506.443345170129,1
0.213,0.092,2.97707431184015,0.0881272842376437,483.35334724179,1
0.216,0.092,3.07245725319221,0.150955556890326,456.793639342864,1
0.219,0.092,3.22273189546285,0.252391346907411,422.567291255392,1
0.222,0.092,3.44700114229112,0.434157103816967,371.425685485409,1
0.225,0.092,3.73813875259295,0.767319610599255,286.754260099007,1
0.228,0.092,4.01589055591699,1.27938901367463,161.47049315012,1
0.231,0.092,4.18689565953311,1.82113417587461,37.4607766135287,1
0.234,0.092,4.28116833406334,2.17755390015425,-27.9837697298748,1
0.237,0.092,4.38794716920818,2.33539364741109,-46.9135936598606,1
0.24,0.092,4.53408248845101,2.36897964271433,-46.7061273757369,1
0.243,0.092,4.70906535304617,2.33056027661222,-39.7066237102497,1
0.246,0.092,4.90205057745239,2.24930733797327,-30.5471840790456,1
0.249,0.092,5.10442313639373,2.14344043287204,-21.2400507681208,1
0.252,0.092,5.30941552218427,2.02464241249202,-12.6699711541044,1
0.255,0.092,5.51177297500059,1.90056560254731,-5.19521562735765,1
0.258,0.092,5.70746726264735,1.77627822126926,1.08545865423156,1
0.261,0.092,5.89348071795123,1.65519062380971,6.20701000839438,1
0.264,0.092,6.06762559085459,1.53967790574361,10.2734394416487,1
0.267,0.092,6.22839514279989,1.43151073069647,13.4237214304665,1
0.27,0.092,6.37484606991288,1.33216200173681,15.8136343183282,1
0.273,0.092,6.50651248956264,1.24303372731381,17.6064441067837,1
0.276,0.092,6.6233505466009,1.16563500763945,18.9686857988665,1
0.279,0.092,6.72571208449941,1.10173333732184,20.0689775248164,1
0.282,0.092,6.81434585120463,1.05349582468968,21.0786840747827,1
0.285,0.092,6.89042518515858,1.02363352406485,22.1737017116767,1
0.288,0.092,6.95560159872507,1.01556030661568,23.5366130914013,1
0.291,0.092,7.01208230672464,1.03357691607444,25.3563798999154,1
0.294,0.092,7.06271410085372,1.08308859944688,27.8064425990127,1
0.297,0.092,7.11093581470359,1.17084435090576,30.8625127174275,1
0.3,0.092,7.15957931304224,1.30502826759099,32.9488811072977,4
0.0,0.094,6.0,1.0,1280.26933566853,3
0.003,0.094,6.01159371717667,0.936860040453709,1284.05987742167,1
0.006,0.094,6.03885774040674,0.872708474250717,1289.21808587973,1
0.009,0.094,6.08187472061821,0.807532375132207,1294.04353547498,1
0.012,0.094,6.13919299554005,0.741380223861102,1298.28380381071,1
0.015,0.094,6.20908867034019,0.674355635884934,1301.89865931736,1
0.018,0.094,6.28977547826963,0.606609317788178,1304.88310349189,1
0.021,0.094,6.37946274086063,0.538329868724547,1307.24195121266,1
0.024,0.094,6.4763894402214,0.469733839489239,1308.98597879254,1
0.027,0.094,6.57885194948177,0.401055474069955,1310.13103725805,1
0.03,0.094,6.68522734944329,0.33253656453634,1310.69748923562,1
0.033,0.094,6.79399224429294,0.264416823780493,1310.70961818978,1
0.036,0.094,6.90373691845171,0.196925124700254,1310.1949882099,1
0.039,0.094,7.01317486427152,0.130271877408667,1309.18377893313,1
0.042,0.094,7.12114790353475,0.0646427277518847,1307.70812432233,1
0.045,0.094,7.22662728181624,0.0001936702034208,1305.80148088702,1
0.048,0.094,7.32871122555431,-0.0629524160227595,1303.49804606999,1
0.051,0.094,7.42661951761008,-0.124707871216478,1300.83224218224,1
0.054,0.094,7.51968567257448,-0.185021120424142,1297.83827602427,1
0.057,0.094,7.6073472847476,-0.243876460702291,1294.54977954969,1
0.06,0.094,7.68913508724112,-0.301292955365761,1290.9995328446,1
0.063,0.094,7.76466120783395,-0.357322629589964,1287.21926743586,1
0.066,0.094,7.83360704326049,-0.412048158969961,1283.2395455326,1
0.069,0.094,7.8957111047492,-0.465580230632945,1279.08970920807,1
0.072,0.094,7.95075711885838,-0.518054738115992,1274.79789265499,1
0.075,0.094,7.99856260272786,-0.5696299490662,1270.39109038433,1
0.078,0.094,8.03896807436791,-0.620483761083784,1265.89527446244,1
0.081,0.094,8.07182700812745,-0.670811137403721,1261.33555447777,1
0.084,0.094,8.09699660381929,-0.720821791785832,1256.73637479,1
0.087,0.094,8.11432940534107,-0.770738171668975,1252.12174465414,1
0.09,0.094,8.12366578086001,-0.820793770629067,1247.51549796012,1
0.093,0.094,8.12482726137804,-0.871231785376535,1242.94158053367,1
0.096,0.094,8.11761072739913,-0.922304118516087,1238.424364171,1
0.099,0.094,8.10178343425267,-0.974270715328982,1233.98898780361,1
0.102,0.094,8.07707887543171,-1.0273992098355,1229.66172739286,1
0.105,0.094,8.04319350055341,-1.08196484083185,1225.47039731781,1
0.108,0.094,7.99978433129043,-1.13825058035648,1221.44478711579,1
0.111,0.094,7.94646755668071,-1.19654739213858,1217.61713840906,1
0.114,0.094,7.88281824143146,-1.257154501714,1214.0226676024,1
0.117,0.094,7.80837135133527,-1.32037950673589,1210.70014028434,1
0.12,0.094,7.72262439453233,-1.38653807612078,1207.69250289173,1
0.123,0.094,7.62504210401274,-1.45595286579657,1205.04757555942,1
0.126,0.094,7.51506375591919,-1.52895109523279,1202.81880626077,1
0.129,0.094,7.39211394315205,-1.60585994934392,1201.06607882326,1
0.132,0.094,7.25561792031422,-1.68699854357,1199.85655364707,1
0.135,0.094,7.10502302098091,-1.7726645371578,1199.26549576852,1
0.138,0.094,6.93982813508394,-1.86311247988222,1199.37700333584,1
0.141,0.094,6.75962382293243,-1.95851944576493,1200.28447893794,1
0.144,0.094,6.56414629913339,-2.05893116497369,1202.09056685369,1
0.147,0.094,6.35334913882618,-2.16417829569479,1204.90607607243,1
0.15,0.094,6.12749689772633,-2.2737470881219,1208.84706094442,1
0.153,0.094,5.88728444421086,-2.38658059798523,1214.02859924149,1
0.156,0.094,5.63398392063842,-2.50077477258644,1220.55268522941,1
0.159,0.094,5.36961728356545,-2.61311562132395,1228.48501973983,1
0.162,0.094,5.09714582705961,-2.71837864136979,1237.8112625202,1
0.165,0.094,4.8206686993642,-2.80825558681139,1248.34343075431,1
0.168,0.094,4.54562220756382,-2.869703754001,1259.53529171058,1
0.171,0.094,4.27916612903599,-2.88208646110524,1269.90292734665,1
0.174,0.094,4.03041641255281,-2.81187994593508,1275.73745802499,1
0.177,0.094,3.81383585144053,-2.60071927113037,1264.92064450103,1
0.18,0.094,3.62830693773957,-2.1116099420102,1180.27536719932,1
0.183,0.094,3.3252862940577,-1.29348172620317,963.143360993,1
0.186,0.094,2.88608106656006,-0.620926060844643,765.800771725775,1
0.189,0.094,2.50895839936698,-0.296595027393258,665.939232992289,1
0.192,0.094,2.27639334986089,-0.162002321645325,622.135064568259,1
0.195,0.094,2.13322675129611,-0.0934831788667196,598.298811779946,1
0.198,0.094,2.04536738674695,-0.0550556844243497,579.688032498217,1
0.201,0.094,1.99332716256339,-0.0302007094302888,562.653915062145,1
0.204,0.094,1.96721496066742,-0.0116026259063923,545.749108229096,1
0.207,0.094,1.96254641535563,0.0048749845572594,528.556854754146,1
0.21,0.094,1.97865973734768,0.0223935921781771,510.843841852204,1
0.213,0.094,2.01853491298072,0.0447306858801862,492.206935955753,1
0.216,0.094,2.08994172653231,0.078241216676773,471.316244698383,1
0.219,0.094,2.20882608647641,0.136961728542265,444.899784621216,1
0.222,0.094,2.40327983621215,0.251113558154442,400.161242827569,1
0.225,0.094,2.71830897995828,0.523826049482843,306.662798937936,1
0.228,0.094,3.08202591467116,1.07958172052604,133.466618827536,1
0.231,0.094,3.33474168934503,1.73205523805815,-45.4539914962366,1
0.234,0.094,3.50063994197258,2.09245215306056,-105.254628521483,1
0.237,0.094,3.70184611650258,2.22011622596479,-102.392992798869,1
0.24,0.094,3.93328931728359,2.23469438422502,-87.2874588862471,1
0.243,0.094,4.18086110588353,2.18466351586927,-70.1456916952834,1
0.246,0.094,4.43569753288135,2.09771207781998,-53.801589244418,1
0.249,0.094,4.69090265538826,1.99073148791227,-39.2590885640135,1
0.252,0.094,4.94113409092236,1.87439081564459,-26.7549142361893,1
0.255,0.094,5.18224613540552,1.75551830152086,-16.2518696264871,1
0.258,0.094,5.41112189722396,1.63849131002984,-7.58698638369198,1
0.261,0.094,5.62551708600479,1.52614740462341,-0.546837960074417,1
0.264,0.094,5.82391344458008,1.42039072571773,5.09912961063524,1
0.267,0.094,6.00538933954828,1.32260495957622,9.58224933761486,1
0.27,0.094,6.16951667968195,1.23393963187275,13.1276118652403,1
0.273,0.094,6.31628805360382,1.15551622259387,15.9519858056474,1
0.276,0.094,6.4460745160237,1.08858606327865,18.264529639298,1
0.279,0.094,6.5596128903817,1.03466256707674,20.2690910224137,1
0.282,0.094,6.65802130771084,0.995644170661227,22.1674313044101,1
0.285,0.094,6.74284228203942,0.97394066760979,24.1629627524928,1
0.288,0.094,6.8161132341231,0.972613702897429,26.4643616257915,1
0.291,0.094,6.88046261879768,0.995541394117069,29.2856001622611,1
0.294,0.094,6.93920963153715,1.047615026632,32.8177547685533,1
0.297,0.094,6.99629063619019,1.13495731307009,36.9935254899897,1
0.3,0.094,7.05470137865428,1.26500779045863,39.7429210816565,4
0.0,0.096,6.0,1.0,1280.43884600978,3
0.003,0.096,6.01159785429574,0.924604160459056,1284.23277769495,1
0.006,0.096,6.03888430593088,0.849212758960444,1289.40024620885,1
0.009,0.096,6.08195666800003,0.773890110942148,1294.24012262603,1
0.012,0.096,6.13937477606013,0.698741420256068,1298.49937503384,1
0.015,0.096,6.20942279019354,0.623904679013523,1302.13714650802,1
0.018,0.096,6.29031879278132,0.549542744781047,1305.14778472323,1
0.021,0.096,6.38027260212058,0.475835224567892,1307.53543511024,1
0.024,0.096,6.47751985044949,0.402970342539847,1309.31020861461,1
0.027,0.096,6.58034987906658,0.331137058493213,1310.48731639461,1
0.03,0.096,6.6871293670192,0.260517704129968,1311.08652755762,1
0.033,0.096,6.79632158128361,0.191281372756722,1311.13159715976,1
0.036,0.096,6.90650105646865,0.123578248706456,1310.64964158923,1
0.039,0.096,7.01636369503064,0.0575350030955672,1309.67048526592,1
0.042,0.096,7.12473247176016,-0.006748680839669,1308.22600712997,1
0.045,0.096,7.23055908550852,-0.069202450714881,1306.34951262632,1
0.048,0.096,7.33292201762612,-0.12978654834833,1304.07515232143,1
0.051,0.096,7.43102152977579,-0.18849208957908,1301.43740315941,1
0.054,0.096,7.52417216703756,-0.245340488822325,1298.47062324644,1
0.057,0.096,7.61179333130996,-0.300382176699302,1295.20868632148,1
0.06,0.096,7.69339846198091,-0.353694767868746,1291.68469797949,1
0.063,0.096,7.76858331308985,-0.40538083530388,1287.93079240185,1
0.066,0.096,7.83701375578274,-0.455565438738918,1283.97800586481,1
0.069,0.096,7.89841346800508,-0.504393541018793,1279.85622161734,1
0.072,0.096,7.95255180522144,-0.552027428692392,1275.59417977021,1
0.075,0.096,7.99923208045496,-0.598644234202893,1271.21954551784,1
0.078,0.096,8.03828042192388,-0.644433637912206,1266.75902920917,1
0.081,0.096,8.0695353238246,-0.689595810034867,1262.23855238349,1
0.084,0.096,8.09283796134866,-0.734339636064,1257.68345479349,1
0.087,0.096,8.10802330516995,-0.778881254824465,1253.11873856823,1
0.09,0.096,8.11491204330873,-0.823442925967248,1248.56934696425,1
0.093,0.096,8.1133032991344,-0.868252233351252,1244.06047657192,1
0.096,0.096,8.10296812289221,-0.913541621943165,1239.61792336946,1
0.099,0.096,8.08364373018824,-0.959548257979193,1235.26846464724,1
0.102,0.096,8.0550284642163,-1.00651419429718,1231.04028057788,1
0.105,0.096,8.01677746939944,-1.05468681375643,1226.96342111502,1
0.108,0.096,7.9684990833092,-1.10431951182958,1223.07032600829,1
0.111,0.096,7.90975198269914,-1.15567256236355,1219.39640807508,1
0.114,0.096,7.84004316069107,-1.20901408461721,1215.98071252038,1
0.117,0.096,7.7588268693189,-1.26462098966193,1212.86666808309,1
0.12,0.096,7.66550474021257,-1.32277972192449,1210.1029491149,1
0.123,0.096,7.55942740388166,-1.38378651443061,1207.74447130046,1
0.126,0.096,7.43989807537978,-1.44794672441568,1205.85354740883,1
0.129,0.096,7.30617877507787,-1.51557257826959,1204.50123279452,1
0.132,0.096,7.15750012549276,-1.5869782819264,1203.768892513,1
0.135,0.096,6.99307602900204,-1.66247086629766,1203.75002140117,1
0.138,0.096,6.81212500617768,-1.74233421206328,1204.55234279143,1
0.141,0.096,6.61390056829364,-1.82680223516611,1206.30019673224,1
0.144,0.096,6.39773368227465,-1.91601489826461,1209.13719852834,1
0.147,0.096,6.16309104492631,-2.0099470545959,1213.22909614766,1
0.15,0.096,5.90965320193998,-2.10829436342386,1218.7666660066,1
0.153,0.096,5.63741581770507,-2.21029158147235,1225.96838301513,1
0.156,0.096,5.34681416915247,-2.31442458257501,1235.08233373617,1
0.159,0.096,5.03886269841276,-2.41797758874627,1246.38718272106,1
0.162,0.096,4.71528388715532,-2.51632216696206,1260.18878215682,1
0.165,0.096,4.37857286654997,-2.60182560092899,1276.82218503305,1
0.168,0.096,4.03189691293385,-2.66207362101713,1296.58304107648,1
0.171,0.096,3.6787398058352,-2.67730125617311,1319.86816109218,1
0.174,0.096,3.32203822018767,-2.6139690003161,1345.39408907648,1
0.177,0.096,2.96264305473033,-2.41840658046131,1373.38652811227,1
0.18,0.096,2.5844960690239,-1.94809106442354,1350.08478278078,1
0.183,0.096,2.10774088552115,-0.89976558452599,1011.10887961389,1
0.186,0.096,1.55243297914289,-0.254884578147602,728.551140704257,1
0.189,0.096,1.29528203787547,-0.115566069753737,616.840045182184,1
0.192,0.096,1.15655363291349,-0.0574151433659742,594.363040275576,1
0.195,0.096,1.07930694114475,-0.0319335805415656,580.3485438205,1
0.198,0.096,1.0337961151421,-0.0183109569132241,568.8806702622,1
0.201,0.096,1.00759965020647,-0.0098868663686769,556.55291264784,1
0.204,0.096,0.994728093310758,-0.003713653085935,543.278471106804,1
0.207,0.096,0.992678307694921,0.001717046271256,529.298718162883,1
0.21,0.096,1.00112289533386,0.0075374676312071,514.975461629301,1
0.213,0.096,1.02180802340616,0.0151252992738002,500.501009772023,1
0.216,0.096,1.05957023861372,0.0270439418542204,485.695583428467,1
0.219,0.096,1.12476720847382,0.0489816562126583,467.396479155316,1
0.222,0.096,1.24245921500409,0.0984899248070048,440.10377582531,1
0.225,0.096,1.46037670576199,0.216307872892776,334.036695338503,1
0.228,0.096,1.93164702780777,0.753985404711517,83.2164409339931,1
0.231,0.096,2.34432343233467,1.58994985992259,-195.969566876417,1
0.234,0.096,2.68997991216912,1.92458612350409,-199.22496340464,1
0.237,0.096,3.01968312944824,2.03744444669896,-161.362582188737,1
0.24,0.096,3.34741875555266,2.04550800912663,-128.776723901874,1
0.243,0.096,3.67176146436683,1.99313469913457,-100.231595757054,1
0.246,0.096,3.989734412098,1.90774447528601,-76.3663709571188,1
0.249,0.096,4.29779207775382,1.80547894362824,-56.4813770713054,1
0.252,0.096,4.59262123726013,1.69645264994296,-40.0581748471046,1
0.255,0.096,4.87148652896779,1.58689212529778,-26.5894172282746,1
0.258,0.096,5.1323557026836,1.48062565614123,-15.6240067061007,1
0.261,0.096,5.37387060181428,1.38001299746171,-6.75605141994589,1
0.264,0.096,5.59525774069695,1.28656073384346,0.377908937759326,1
0.267,0.096,5.79622956464276,1.20132488179815,6.10434171322386,1
0.27,0.096,5.97690262995193,1.12517984460807,10.7184073450476,1
0.273,0.096,6.13774269662238,1.0590046206886,14.4900266716197,1
0.276,0.096,6.27953915161243,1.00382086197333,17.670002710677,1
0.279,0.096,6.40340831951873,0.960906001763777,20.496070318699,1
0.282,0.096,6.51082480911828,0.931897636772854,23.1988197925022,1
0.285,0.096,6.60368070429109,0.918901208905566,26.0074518672446,1
0.288,0.096,6.68437313664121,0.924610937545475,29.1548814155905,1
0.291,0.096,6.75591866359367,0.952453089781954,32.878202167531,1
0.294,0.096,6.82206860190837,1.00675887852175,37.3849150671385,1
0.297,0.096,6.8872133113787,1.09295792036388,42.5694108363501,1
0.3,0.096,6.95450167784549,1.21765490955139,45.9155593613436,4
0.0,0.098,6.0,1.0,1280.86645850268,3
0.003,0.098,6.01162025171471,0.912332096445595,1284.66923913549,1
0.006,0.098,6.0389682070056,0.82567667129885,1289.85210006802,1
0.009,0.098,6.0821507933821,0.740177265928565,1294.71037510693,1
0.012,0.098,6.13973167245701,0.655997978913116,1298.99002736168,1
0.015,0.098,6.20999516541444,0.573313458080845,1302.64958505689,1
0.018,0.098,6.29115624866551,0.492301023682093,1305.68286101126,1
0.021,0.098,6.38141859027676,0.413133553050252,1308.09350913401,1
0.024,0.098,6.47900890407858,0.335973073605026,1309.89119630667,1
0.027,0.098,6.58220519810138,0.260965181257499,1311.09074663814,1
0.03,0.098,6.68936082112484,0.188234394386271,1311.71160828126,1
0.033,0.098,6.79892417283688,0.117880515180219,1311.77728866518,1
0.036,0.098,6.90945385975183,0.0499760251361612,1311.31473476878,1
0.039,0.098,7.01962926171882,-0.0154355031575178,1310.35368221067,1
0.042,0.098,7.12825666875808,-0.078340036263755,1308.92600171055,1
0.045,0.098,7.23427131109195,-0.138752844051422,1307.06506890328,1
0.048,0.098,7.33673572676665,-0.196717514733548,1304.80517905653,1
0.051,0.098,7.43483498989457,-0.252304353748845,1302.18102320338,1
0.054,0.098,7.52786936105646,-0.305608306604764,1299.22723712182,1
0.057,0.098,7.61524492509382,-0.356746545085212,1295.97802986122,1
0.06,0.098,7.69646275713263,-0.405855849048309,1292.46689439298,1
0.063,0.098,7.77110711246149,-0.453089904035644,1288.72639960142,1
0.066,0.098,7.83883307687629,-0.498616619748059,1284.788060292,1
0.069,0.098,7.89935404761179,-0.542615557651553,1280.68228016167,1
0.072,0.098,7.95242934628848,-0.585275538870728,1276.43836168706,1
0.075,0.098,7.99785219853867,-0.626792487135927,1272.08457654383,1
0.078,0.098,8.0354382531218,-0.667367546609306,1267.64829036809,1
0.081,0.098,8.06501475834509,-0.707205501381359,1263.15613630227,1
0.084,0.098,8.08641046655156,-0.746513512513609,1258.63423273975,1
0.087,0.098,8.09944629872238,-0.785500179710407,1254.10844191925,1
0.09,0.098,8.10392677078209,-0.82437492787098,1249.60466746974,1
0.093,0.098,8.09963216060843,-0.863347713603377,1245.14919064134,1
0.096,0.098,8.08631137951585,-0.902629042855191,1240.76904677515,1
0.099,0.098,8.06367550360549,-0.942430287586206,1236.49244559087,1
0.102,0.098,8.03139191851261,-0.982964286170939,1232.34924115752,1
0.105,0.098,7.98907903569273,-1.02444620803687,1228.37146004364,1
0.108,0.098,7.93630154987689,-1.06709465661542,1224.59389923567,1
0.111,0.098,7.87256622673565,-1.11113297412065,1221.0548091265,1
0.114,0.098,7.79731823903937,-1.15679069414246,1217.7966814157,1
0.117,0.098,7.70993811180941,-1.20430505918079,1214.86716739947,1
0.12,0.098,7.60973939689758,-1.253922473203,1212.32015920649,1
0.123,0.098,7.49596728214421,-1.30589968317343,1210.2170755032,1
0.126,0.098,7.36779845983339,-1.36050436075012,1208.62840462549,1
0.129,0.098,7.2243427476423,-1.41801455752548,1207.63557275044,1
0.132,0.098,7.06464719156181,-1.47871618781087,1207.33322362284,1
0.135,0.098,6.88770370826036,-1.54289717548126,1207.83202095117,1
0.138,0.098,6.69246177093111,-1.61083605912741,1209.26211718382,1
0.141,0.098,6.47784822945119,-1.68278147190565,1211.77747697721,1
0.144,0.098,6.24279707638457,-1.75891664911448,1215.56130886294,1
0.147,0.098,5.98629273304955,-1.83929938180436,1220.83296129524,1
0.15,0.098,5.70743092949391,-1.92376168693218,1227.85683257453,1
0.153,0.098,5.40550065568242,-2.01174327248047,1236.95419328819,1
0.156,0.098,5.08008712682194,-2.10201659374883,1248.51983299863,1
0.159,0.098,4.73118450590383,-2.1922333837036,1263.04661189021,1
0.162,0.098,4.3592822750209,-2.2781867945699,1281.17035227237,1
0.165,0.098,3.96532053479198,-2.35258588789822,1303.73640991538,1
0.168,0.098,3.55034841770892,-2.40318190613783,1332.04269079635,1
0.171,0.098,3.11418233371418,-2.40902874850319,1367.82105909116,1
0.174,0.098,2.65362577234579,-2.33702496626822,1416.24760188839,1
0.177,0.098,2.14696628719121,-2.11412645858733,1474.85888099361,1
0.18,0.098,1.57386023476355,-1.66834294400896,1598.50634498484,1
0.183,0.098,0.0,0.0,1315.52057177828,1
0.186,0.098,0.0,0.0,633.166360928742,1
0.189,0.098,0.0,0.0,595.38379137707,1
0.192,0.098,0.0,0.0,576.719831838497,1
0.195,0.098,0.0,0.0,570.856126507292,1
0.198,0.098,0.0,0.0,563.101992434594,1
0.201,0.098,0.0,0.0,553.393083212359,1
0.204,0.098,0.0,0.0,542.034470098632,1
0.207,0.098,0.0,0.0,529.754861896275,1
0.21,0.098,0.0,0.0,517.227886811316,1
0.213,0.098,0.0,0.0,505.085220029138,1
0.216,0.098,0.0,0.0,493.483018462399,1
0.219,0.098,0.0,0.0,482.088540608501,1
0.222,0.098,0.0,0.0,457.763381228155,1
0.225,0.098,0.0,0.0,414.166004049822,1
0.228,0.098,0.0,0.0,-182.289031418987,1
0.231,0.098,1.4077193742956,1.33437848837039,-410.392540384174,1
0.234,0.098,1.92557804929996,1.6487015075114,-284.233305041715,1
0.237,0.098,2.38459318796037,1.7846121654865,-220.151831351513,1
0.24,0.098,2.80301331679495,1.80045430365196,-167.761837083438,1
0.243,0.098,3.19973686140477,1.75661022198493,-128.487010630232,1
0.246,0.098,3.5771948507546,1.68031635783929,-97.2818764450107,1
0.249,0.098,3.93501210605687,1.58877895745462,-72.3067241664722,1
0.252,0.098,4.27167032904662,1.49199238068068,-52.1708916434602,1
0.255,0.098,4.5857503069518,1.39587127845787,-35.9228018437631,1
0.258,0.098,4.87627238453349,1.30384195092833,-22.8219803363183,1
0.261,0.098,5.14276159864273,1.2178933859741,-12.2735555505067,1
0.264,0.098,5.38519259462833,1.13921780875158,-3.78362570292898,1
0.267,0.098,5.60391251485381,1.06861209712121,3.0666901692808,1
0.27,0.098,5.7995775396599,1.00673141091576,8.63992007186712,1
0.273,0.098,5.97311576748389,0.954256460252529,13.2564722170533,1
0.276,0.098,6.12571888555461,0.912012260341325,17.2062110455963,1
0.279,0.098,6.2588620530506,0.881062546866461,20.7582570253403,1
0.282,0.098,6.37435125935428,0.862795731189779,24.169583796296,1
0.285,0.098,6.47439838487185,0.859013662445958,27.6927475929364,1
0.288,0.098,6.56172512133684,0.872032164900837,31.5824389289428,1
0.291,0.098,6.63969451863934,0.904801379253955,36.0964279821261,1
0.294,0.098,6.71244107242892,0.961052345215129,41.4569732930099,1
0.297,0.098,6.78475660829224,1.04546218485264,47.5251752858998,1
0.3,0.098,6.85992731105096,1.16371946392798,51.3932215492367,4
0.0,0.1,6.0,1.0,1281.55066755674,3
0.003,0.1,6.01166138628382,0.900025080702109,1285.36791999674,1
0.006,0.1,6.03911109389025,0.802067712551946,1290.57254720979,1
0.009,0.1,6.08246068013555,0.706352945601525,1295.45344132149,1
0.012,0.1,6.14026994692347,0.613105999843568,1299.75515142395,1
0.015,0.1,6.21081543705841,0.522540260909768,1303.43559550367,1
0.018,0.1,6.29230149456386,0.434849391924438,1306.48816552586,1
0.021,0.1,6.38291889620881,0.350201171535354,1308.91619710938,1
0.024,0.1,6.48087975678706,0.26873277526236,1310.72913014052,1
0.027,0.1,6.58444632627276,0.19054746984721,1311.94165098263,1
0.03,0.1,6.69195556814446,0.115712675694866,1312.57315679762,1
0.033,0.1,6.80183936357119,0.0442593058457662,1312.64718658472,1
0.036,0.1,6.91264010501713,-0.0238177520872228,1312.19079564619,1
0.039,0.1,7.02302162978754,-0.0885581753153051,1311.23389760477,1
0.042,0.1,7.1317756439052,-0.150033949200586,1309.80860295645,1
0.045,0.1,7.23782395483161,-0.208346503534471,1307.94858058867,1
0.048,0.1,7.34021695765344,-0.26362342683016,1305.68846425304,1
0.051,0.1,7.43812890181958,-0.316014931395018,1303.06332090494,1
0.054,0.1,7.53085050690851,-0.365690223604074,1300.10819269278,1
0.057,0.1,7.61777950146098,-0.412833911681447,1296.85771958902,1
0.06,0.1,7.69840963539371,-0.457642559482799,1293.34584547386,1
0.063,0.1,7.77231867127122,-0.50032147099567,1289.60560707035,1
0.066,0.1,7.83915579994078,-0.541081767876838,1285.66900254974,1
0.069,0.1,7.89862885820763,-0.580137802263265,1281.56693486912,1
0.072,0.1,7.95049165578821,-0.617704929888098,1277.32922390626,1
0.075,0.1,7.99453164999343,-0.653997654448945,1272.9846811265,1
0.078,0.1,8.03055814255178,-0.689228143202413,1268.56124074773,1
0.081,0.1,8.05839111569856,-0.723605105701117,1264.08614205839,1
0.084,0.1,8.07785077523688,-0.7573330221262,1259.58615860004,1
0.087,0.1,8.08874782710203,-0.790611704403821,1255.08787127964,1
0.09,0.1,8.09087448089235,-0.823636171791954,1250.61798408326,1
0.093,0.1,8.08399614838452,-0.856596822428832,1246.20368290555,1
0.096,0.1,8.06784378657301,-0.889679882975091,1241.87304010272,1
0.099,0.1,8.04210682257629,-0.92306811945506,1237.65546977019,1
0.102,0.1,8.00642659125729,-0.956941793135747,1233.58224152629,1
0.105,0.1,7.96039021526424,-0.991479845060235,1229.68706388386,1
0.108,0.1,7.90352486143561,-1.02686129070199,1226.00675230118,1
0.111,0.1,7.83529231769163,-1.06326680070292,1222.58200198511,1
0.114,0.1,7.75508385198392,-1.10088043261143,1219.45829183226,1
0.117,0.1,7.66221534200509,-1.13989145848096,1216.68695403181,1
0.12,0.1,7.55592270513232,-1.18049619853176,1214.32645449874,1
0.123,0.1,7.43535771867827,-1.22289971267606,1212.44394340758,1
0.126,0.1,7.29958441032899,-1.26731710446021,1211.11715399646,1
0.129,0.1,7.14757633158211,-1.31397403070277,1210.43675343568,1
0.132,0.1,6.97821522326484,-1.36310574241387,1210.50928473469,1
0.135,0.1,6.79029187025012,-1.41495353642991,1211.46088768857,1
0.138,0.1,6.58251036028198,-1.46975674894474,1213.44205650144,1
0.141,0.1,6.35349755511006,-1.52773715796701,1216.63379337627,1
0.144,0.1,6.1018203923307,-1.58907050731274,1221.25567087357,1
0.147,0.1,5.82601466338334,-1.65383616862749,1227.57656260188,1
0.15,0.1,5.52462999957082,-1.72192954479858,1235.92921320565,1
0.153,0.1,5.1962964023053,-1.79291075852797,1246.73063522808,1
0.156,0.1,4.83981595304077,-1.86574345808828,1260.51170644736,1
0.159,0.1,4.45427600225316,-1.9383455308661,1277.96383312141,1
0.162,0.1,4.03915250228168,-2.00680778569985,1300.01377760066,1
0.165,0.1,3.59432765320769,-2.06407747237361,1327.98446920069,1
0.168,0.1,3.11970953198197,-2.09753786036115,1363.81991443393,1
0.171,0.1,2.61437939805452,-2.08557457942934,1411.17609452505,1
0.174,0.1,2.0716196111727,-1.98710250855072,1475.0091433196,1
0.177,0.1,1.48201139342574,-1.74179268253162,1575.51717236372,1
0.18,0.1,0.729291838239599,-1.12860683557341,1702.00907659736,1
0.183,0.1,0.0,0.0,1846.72085099667,1
0.186,0.1,0.0,0.0,0.0,0
0.189,0.1,0.0,0.0,0.0,0
0.192,0.1,0.0,0.0,0.0,0
0.195,0.1,0.0,0.0,0.0,0
0.198,0.1,0.0,0.0,0.0,0
0.201,0.1,0.0,0.0,0.0,0
0.204,0.1,0.0,0.0,0.0,0
0.207,0.1,0.0,0.0,0.0,0
0.21,0.1,0.0,0.0,0.0,0
0.213,0.1,0.0,0.0,0.0,0
0.216,0.1,0.0,0.0,0.0,0
0.219,0.1,0.0,0.0,0.0,0
0.222,0.1,0.0,0.0,0.0,0
0.225,0.1,0.0,0.0,0.0,0
0.228,0.1,0.0,0.0,-624.182964696625,1
0.231,0.1,0.642160040950079,0.856376500911471,-490.641023496547,1
0.234,0.1,1.31024945360384,1.31381430066636,-366.446064031957,1
0.237,0.1,1.83815174653722,1.46903864614668,-267.198119147111,1
0.24,0.1,2.32616882625047,1.50777844745175,-202.135382145441,1
0.243,0.1,2.78194090310742,1.47967148356282,-153.167032765758,1
0.246,0.1,3.21055912090134,1.41892663685606,-115.651862149811,1
0.249,0.1,3.61203977335398,1.34338858681596,-86.1357028484692,1
0.252,0.1,3.98570147358159,1.26336114364197,-62.6953821747405,1
0.255,0.1,4.33095698814785,1.18451546118868,-43.9747762660578,1
0.258,0.1,4.64766377100277,1.10996604893632,-28.9846181056796,1
0.261,0.1,4.93611903270214,1.04140714654737,-16.9585477092901,1
0.264,0.1,5.19698009205293,0.979790584422472,-7.28411896593751,1
0.267,0.1,5.43118158505746,0.925720204659258,0.541835358309941,1
0.27,0.1,5.63987959007141,0.879688217247537,6.94298798239566,1
0.273,0.1,5.82442781034042,0.842222462701796,12.2852392490649,1
0.276,0.1,5.9863845049848,0.813985863433595,16.893323235163,1
0.279,0.1,6.12754774744442,0.79585246600601,21.0640947445705,1
0.282,0.1,6.25001771453154,0.788975263584949,25.0776053314506,1
0.285,0.1,6.35628637300171,0.794856005538205,29.2066524562686,1
0.288,0.1,6.44935621795879,0.8154247826873,33.7246596948602,1
0.291,0.1,6.53288716746734,0.853136179559047,38.90710355052,1
0.294,0.1,6.61133986640754,0.911087399572167,44.9889018838887,1
0.297,0.1,6.68984672553111,0.993152132654542,51.8031500250473,1
0.3,0.1,6.77181054816846,1.10403228480476,56.1105027078511,4
0.0,0.102,6.0,1.0,1282.49108492124,3
0.003,0.102,6.01172184234578,0.887663779582963,1286.32862470176,1
0.006,0.102,6.03931492496557,0.778352277605614,1291.56165596164,1
0.009,0.102,6.08289044251044,0.672374647588062,1296.4696359014,1
0.012,0.102,6.14099654914701,0.570019526635917,1300.79527494256,1
0.015,0.102,6.21189393990518,0.471540936127789,1304.49588115221,1
0.018,0.102,6.29376865798008,0.37715034102942,1307.56453782642,1
0.021,0.102,6.38479170250334,0.287011427405698,1310.00443494701,1
0.024,0.102,6.48315476811152,0.201237080775887,1311.82500294306,1
0.027,0.102,6.58709979370125,0.119888385069172,1313.0410411557,1
0.03,0.102,6.69494419291857,0.0429754388501272,1313.67216796099,1
0.033,0.102,6.80510159147281,-0.0295402702672024,1313.74223602211,1
0.036,0.102,6.91609782326997,-0.0977422315030003,1313.27869005615,1
0.039,0.102,7.02658213335968,-0.161754332331632,1312.31189211254,1
0.042,0.102,7.13533374351816,-0.221735646392234,1310.87444413437,1
0.045,0.102,7.2412641106257,-0.277874877406841,1309.00053486955,1
0.048,0.102,7.34341533832974,-0.330384714749966,1306.72533358863,1
0.051,0.102,7.44095528721452,-0.379496314819286,1304.08444782559,1
0.054,0.102,7.53316997061186,-0.425454077644023,1301.11345708298,1
0.057,0.102,7.61945382783704,-0.468510843900293,1297.8475295333,1
0.06,0.102,7.69929844115994,-0.508923596448263,1294.32112448024,1
0.063,0.102,7.77228021494492,-0.546949714513132,1290.56777987521,1
0.066,0.102,7.83804747262683,-0.582843798711134,1286.61998157883,1
0.069,0.102,7.89630735627286,-0.616855061586773,1282.50910930129,1
0.072,0.102,7.94681284004202,-0.649225260963106,1278.26545318267,1
0.075,0.102,7.9893500972761,-0.680187141637269,1273.9182946895,1
0.078,0.102,8.02372639437554,-0.709963343990813,1269.49604579866,1
0.081,0.102,8.04975862504088,-0.738765735050461,1265.02644121031,1
0.084,0.102,8.0672625469466,-0.766795117550237,1260.53677948923,1
0.087,0.102,8.07604273975741,-0.794241274788741,1256.05421051204,1
0.09,0.102,8.0758832683399,-0.82128331281306,1251.60606835739,1
0.093,0.102,8.06653900744034,-0.848090266058883,1247.22025081265,1
0.096,0.102,8.04772756316709,-0.874821937487204,1242.92564901108,1
0.099,0.102,8.01912171144622,-0.901629948992719,1238.75263343117,1
0.102,0.102,7.98034226339102,-0.928658981940495,1234.73360570045,1
0.105,0.102,7.93095126159495,-0.956048190579599,1230.90362952916,1
0.108,0.102,7.87044540938252,-0.983932772082948,1227.30115890678,1
0.111,0.102,7.79824963713767,-1.01244567503936,1223.96888778287,1
0.114,0.102,7.71371071673575,-1.04171942175094,1220.95475331948,1
0.117,0.102,7.61609084855418,-1.07188800601756,1218.31313514153,1
0.12,0.102,7.50456116868789,-1.10308880282881,1216.10630680724,1
0.123,0.102,7.37819516219349,-1.1354643821708,1214.40621437652,1
0.126,0.102,7.235962030138,-1.16916404354142,1213.29668249937,1
0.129,0.102,7.07672015784539,-1.20434475949626,1212.87618385012,1
0.132,0.102,6.89921099098734,-1.24117099895144,1213.26135742687,1
0.135,0.102,6.70205387939919,-1.2798125300547,1214.59153194481,1
0.138,0.102,6.48374284874243,-1.32043866522857,1217.0346127902,1
0.141,0.102,6.24264688741291,-1.36320630506346,1220.79484157922,1
0.144,0.102,5.97701630705666,-1.4082371976677,1226.12316516417,1
0.147,0.102,5.68499920429247,-1.45557637893791,1233.3313042293,1
0.15,0.102,5.36467420038473,-1.50511757326345,1242.81119785658,1
0.153,0.102,5.01410850410539,-1.55646998173532,1255.06246240568,1
0.156,0.102,4.6314537970545,-1.60872052200332,1270.73255433533,1
0.159,0.102,4.21509359497195,-1.66000576492842,1290.67719674276,1
0.162,0.102,3.76385499231378,-1.70674566746419,1316.06145623686,1
0.165,0.102,3.27725184589416,-1.74222661125073,1348.5204805048,1
0.168,0.102,2.75576357925193,-1.75418756040719,1390.54878458891,1
0.171,0.102,2.2004891315791,-1.71982052274749,1445.93774429852,1
0.174,0.102,1.61449913091615,-1.60017394684456,1522.28873971265,1
0.177,0.102,0.994892823317174,-1.31566390621313,1629.70027546196,1
0.18,0.102,0.396266372817914,-0.759562460003139,1774.86351210799,1
0.183,0.102,0.0,0.0,1899.6277898387,1
0.186,0.102,0.0,0.0,0.0,0
0.189,0.102,0.0,0.0,0.0,0
0.192,0.102,0.0,0.0,0.0,0
0.195,0.102,0.0,0.0,0.0,0
0.198,0.102,0.0,0.0,0.0,0
0.201,0.102,0.0,0.0,0.0,0
0.204,0.102,0.0,0.0,0.0,0
0.207,0.102,0.0,0.0,0.0,0
0.21,0.102,0.0,0.0,0.0,0
0.213,0.102,0.0,0.0,0.0,0
0.216,0.102,0.0,0.0,0.0,0
0.219,0.102,0.0,0.0,0.0,0
0.222,0.102,0.0,0.0,0.0,0
0.225,0.102,0.0,0.0,0.0,0
0.228,0.102,0.0,0.0,-653.476687752631,1
0.231,0.102,0.342345173920636,0.534263560326685,-541.901100926955,1
0.234,0.102,0.865350976172161,0.936271074016446,-406.657545634392,1
0.237,0.102,1.41322145420647,1.12359578985779,-303.560390670663,1
0.24,0.102,1.93535392633747,1.17969726997358,-228.615952551147,1
0.243,0.102,2.43246168212854,1.17078388959025,-173.210337136306,1
0.246,0.102,2.90046441914402,1.1291382259141,-130.644497086993,1
0.249,0.102,3.33721782443506,1.07356993454019,-97.4511176316417,1
0.252,0.102,3.74132264256414,1.01399428728076,-71.2706850517263,1
0.255,0.102,4.11239524064939,0.955705095477475,-50.4941983947307,1
0.258,0.102,4.4508013656008,0.901451063601579,-33.9335567295255,1
0.261,0.102,4.75742830577606,0.85265688288524,-20.683510572095,1
0.264,0.102,5.03349665222679,0.810082954334135,-10.0321082564064,1
0.267,0.102,5.28044050659115,0.774194858843697,-1.40499525561579,1
0.27,0.102,5.49984481161676,0.745372142270799,5.67323204019391,1
0.273,0.102,5.69342816430759,0.724031829730431,11.6068003251312,1
0.276,0.102,5.86306124556664,0.710707427158174,16.7496232655437,1
0.279,0.102,6.01081485055733,0.706106582916287,21.421569833188,1
0.282,0.102,6.13903489524522,0.711161023898669,25.9216704703568,1
0.285,0.102,6.25044456323583,0.727077481817982,30.5392265155098,1
0.288,0.102,6.3482755561538,0.755395966531972,35.5628270399091,1
0.291,0.102,6.43642782364138,0.798060759867304,41.2822126418184,1
0.294,0.102,6.51962392573234,0.857508342582149,47.9424736109697,1
0.297,0.102,6.60326857591266,0.936767413208637,55.3542005993076,1
0.3,0.102,6.69085614814643,1.03949502365293,60.0115860870095,4
0.0,0.104,6.0,1.0,1283.6884510117,3
0.003,0.104,6.01180231540635,0.875228188672575,1287.5523163915,1
0.006,0.104,6.03958197882817,0.754495501555843,1292.8206774187,1
0.009,0.104,6.08344475031265,0.638198120764726,1297.76045532762,1
0.012,0.104,6.14191915616073,0.526690478062696,1302.11207940388,1
0.015,0.104,6.21324175807829,0.420268950443384,1305.83224534856,1
0.018,0.104,6.29557241509124,0.319163841409884,1308.91384127188,1
0.021,0.104,6.38705526375655,0.223535117831443,1311.36008771494,1
0.024,0.104,6.48585558666727,0.133471140469966,1313.18062839291,1
0.027,0.104,6.5901903240479,0.0489900501591342,1314.39063275906,1
0.03,0.104,6.69835408176678,-0.0299565607667999,1315.01021976821,1
0.033,0.104,6.80874044248771,-0.103478127378127,1315.06384530619,1
0.036,0.104,6.9198583277769,-0.171738213243628,1314.57963196539,1
0.039,0.104,7.03034336900332,-0.234946707092637,1313.58866757955,1
0.042,0.104,7.13896446379516,-0.293351559856052,1312.12430344812,1
0.045,0.104,7.2446258766106,-0.347230455715106,1310.22148014392,1
0.048,0.104,7.34636537613422,-0.396882745170252,1307.9161038541,1
0.051,0.104,7.44334898752966,-0.442621895849171,1305.24449066741,1
0.054,0.104,7.53486297750185,-0.484768644421312,1302.2428907022,1
0.057,0.104,7.62030369094879,-0.523644965667679,1298.94709888062,1
0.06,0.104,7.69916582759153,-0.559568915919626,1295.39215476948,1
0.063,0.104,7.77102969372901,-0.592850359641984,1291.61213038107,1
0.066,0.104,7.83554789619064,-0.623787550505628,1287.64000221135,1
0.069,0.104,7.89243186975076,-0.652664511489531,1283.50760206578,1
0.072,0.104,7.94143855156549,-0.679749141309549,1279.2456403084,1
0.075,0.104,7.98235744106067,-0.705291965334716,1274.88379496336,1
0.078,0.104,8.01499821426587,-0.729525446507885,1270.45086048726,1
0.081,0.104,8.03917899977897,-0.75266377403911,1265.97495090633,1
0.084,0.104,8.05471537028343,-0.774903053323733,1261.48375328611,1
0.087,0.104,8.06141005896506,-0.796421828387726,1257.00482910769,1
0.09,0.104,8.05904337385894,-0.817381877138606,1252.56596303002,1
0.093,0.104,8.047364254294,-0.83792922897582,1248.19556072528,1
0.096,0.104,8.02608189117849,-0.858195363253349,1243.92310002479,1
0.099,0.104,7.99485781579532,-0.878298555196593,1239.77964259536,1
0.102,0.104,7.95329834900594,-0.898345342749395,1235.79841692509,1
0.105,0.104,7.90094729339347,-0.918432093071787,1232.01548774529,1
0.108,0.104,7.83727874425579,-0.938646650546865,1228.47053245953,1
0.111,0.104,7.76168989121328,-0.959070048485308,1225.20775212179,1
0.114,0.104,7.67349368081467,-0.979778263104537,1222.27695361129,1
0.117,0.104,7.57191121306505,-1.00084397890148,1219.73485175223,1
0.12,0.104,7.45606375377322,-1.02233831599238,1217.64665644913,1
0.123,0.104,7.32496426471477,-1.04433243681516,1216.08803222286,1
0.126,0.104,7.17750839309926,-1.06689889223393,1215.14754841757,1
0.129,0.104,7.01246493492944,-1.09011246898724,1214.92978160788,1
0.132,0.104,6.82846591775994,-1.11405013252481,1215.55929304434,1
0.135,0.104,6.62399667828474,-1.1387893699942,1217.18579191399,1
0.138,0.104,6.39738670926175,-1.16440373446619,1219.99092288959,1
0.141,0.104,6.14680273854109,-1.19095350362102,1224.19730442665,1
0.144,0.104,5.8702466857892,-1.21846777697673,1230.08072454085,1
0.147,0.104,5.56556317469963,-1.24691145314114,1237.98682788687,1
0.15,0.104,5.23046475583094,-1.27612518666109,1248.35428028098,1
0.153,0.104,4.86258898557565,-1.30571650155872,1261.74747400514,1
0.156,0.104,4.45961148450844,-1.33486095122441,1278.90341072534,1
0.159,0.104,4.0194568873825,-1.36193724003737,1300.8010397675,1
0.162,0.104,3.54067375217119,-1.38384443266817,1328.76376991628,1
0.165,0.104,3.02310340670121,-1.39474955287467,1364.62950263397,1
0.168,0.104,2.46896053197722,-1.38367032417954,1410.98972989985,1
0.171,0.104,1.88503851724216,-1.33059353128628,1471.71824462176,1
0.174,0.104,1.28565641741636,-1.19904341081111,1552.31620213381,1
0.177,0.104,0.707861079451601,-0.932629917303088,1658.57000998876,1
0.18,0.104,0.243030577708204,-0.497451845910599,1786.15062241874,1
0.183,0.104,0.0,0.0,1878.53661404342,1
0.186,0.104,0.0,0.0,0.0,0
0.189,0.104,0.0,0.0,0.0,0
0.192,0.104,0.0,0.0,0.0,0
0.195,0.104,0.0,0.0,0.0,0
0.198,0.104,0.0,0.0,0.0,0
0.201,0.104,0.0,0.0,0.0,0
0.204,0.104,0.0,0.0,0.0,0
0.207,0.104,0.0,0.0,0.0,0
0.21,0.104,0.0,0.0,0.0,0
0.213,0.104,0.0,0.0,0.0,0
0.216,0.104,0.0,0.0,0.0,0
0.219,0.104,0.0,0.0,0.0,0
0.222,0.104,0.0,0.0,0.0,0
0.225,0.104,0.0,0.0,0.0,0
0.228,0.104,0.0,0.0,-622.731206767201,1
0.231,0.104,0.205235231912439,0.309551818135755,-541.479600326143,1
0.234,0.104,0.605369258483174,0.601431609003908,-424.798829463131,1
0.237,0.104,1.11086966784596,0.768924382715077,-324.73221716139,1
0.24,0.104,1.64079101661976,0.833129871365198,-247.132872951326,1
0.243,0.104,2.16032097165182,0.83951750341074,-187.677561876467,1
0.246,0.104,2.65495669357106,0.817977315986096,-141.723289009189,1
0.249,0.104,3.11721460770775,0.784667320184421,-105.831778984725,1
0.252,0.104,3.54397538135295,0.748217055881646,-77.6024527509835,1
0.255,0.104,3.93446671163823,0.713019459558298,-55.2699058945413,1
0.258,0.104,4.28924935889594,0.681297944373457,-37.5182592144955,1
0.261,0.104,4.60959231419613,0.654171464140298,-23.3405983401803,1
0.264,0.104,4.89712871543077,0.632229977902925,-11.9503716768152,1
0.267,0.104,5.15367413200505,0.615838956969276,-2.71884150906652,1
0.27,0.104,5.3811461624999,0.605305125851887,4.86904010904986,1
0.273,0.104,5.5815474117074,0.600969636213974,11.2468244666815,1
0.276,0.104,5.75699103030912,0.60326446153248,16.7906257669341,1
0.279,0.104,5.9097580183867,0.612751220724322,21.8376861534145,1
0.282,0.104,6.04238187084602,0.630153321903128,26.7012337565016,1
0.285,0.104,6.15776025580081,0.65638807989148,31.6828039353679,1
0.288,0.104,6.25929580710024,0.6926034506111,37.0821380597874,1
0.291,0.104,6.35106558139981,0.740223161681699,43.1994001190358,1
0.294,0.104,6.43798378634745,0.801003119103395,50.2870373630648,1
0.297,0.104,6.52565298189025,0.877095616448287,58.1388008073606,1
0.3,0.104,6.617630365643,0.971068345786362,63.0515049670945,4
0.0,0.106,6.0,1.0,1285.14465766176,3
0.003,0.106,6.01190361823724,0.862697522971707,1289.04114152411,1
0.006,0.106,6.03991487317019,0.73046109763496,1294.35207209473,1
0.009,0.106,6.08412886485229,0.603777213664665,1299.32860579473,1
0.012,0.106,6.14304622607057,0.4830685687941,1303.70842812768,1
0.015,0.106,6.21487079360373,0.368675436736961,1307.44761876665,1
0.018,0.106,6.29772806797754,0.260847561377203,1310.53898863872,1
0.021,0.106,6.38972798388648,0.159740908460037,1312.98597285885,1
0.024,0.106,6.48900321751107,0.0654182526111288,1314.79866129905,1
0.027,0.106,6.59374088149248,-0.022146909645307,1315.99286226012,1
0.03,0.106,6.7022094392094,-0.10306367268987,1316.58948691199,1
0.033,0.106,6.81278062846434,-0.177514886641539,1316.61389613129,1
0.036,0.106,6.92394614660069,-0.245746832009221,1316.09519037464,1
0.039,0.106,7.03432907839708,-0.308058045697499,1315.06547098818,1
0.042,0.106,7.14269028133103,-0.364787883984064,1313.55910542374,1
0.045,0.106,7.24793013321814,-0.416305324024778,1311.61202526434,1
0.048,0.106,7.34908618458789,-0.462998405237106,1309.26108051051,1
0.051,0.106,7.44532734210994,-0.505264606501074,1306.54346760335,1
0.054,0.106,7.53594524450842,-0.543502353448475,1303.49624279922,1
0.057,0.106,7.62034348621486,-0.578103758711406,1300.15592718107,1
0.06,0.106,7.69802530551647,-0.609448620937116,1296.55820506346,1
0.063,0.106,7.76858029245909,-0.637899647509237,1292.73771396284,1
0.066,0.106,7.83167059597328,-0.663798821326436,1288.7279216992,1
0.069,0.106,7.88701702715014,-0.68746480246865,1284.56108452817,1
0.072,0.106,7.93438537236403,-0.709191239105052,1280.26827938288,1
0.075,0.106,7.97357315053449,-0.729245856142389,1275.87950321376,1
0.078,0.106,8.00439697628184,-0.747870192373896,1271.42383292868,1
0.081,0.106,8.02668062681861,-0.765279864911669,1266.92964044098,1
0.084,0.106,8.04024385584254,-0.78166525139971,1262.4248587358,1
0.087,0.106,8.04489195236926,-0.797192494193836,1257.93729660202,1
0.09,0.106,8.04040600570678,-0.812004745006048,1253.4950017162,1
0.093,0.106,8.02653380861081,-0.826223582430878,1249.12667411615,1
0.096,0.106,8.00298130785361,-0.839950547574642,1244.86213481506,1
0.099,0.106,7.96940449371124,-0.853268754195631,1240.7328574856,1
0.102,0.106,7.92540160599035,-0.866244538988181,1236.77257494894,1
0.105,0.106,7.87050552307638,-0.878929124635938,1233.01797687659,1
0.108,0.106,7.8041761912158,-0.891360272734666,1229.50952099627,1
0.111,0.106,7.72579294331415,-0.90356390523247,1226.29238767086,1
0.114,0.106,7.63464654992322,-0.915555670963209,1223.41761767684,1
0.117,0.106,7.52993084060468,-0.927342426948345,1220.94348631823,1
0.12,0.106,7.41073373361622,-0.938923590302398,1218.93718506838,1
0.123,0.106,7.27602752022323,-0.950292292132557,1217.4769067544,1
0.126,0.106,7.12465827506897,-0.961436223414465,1216.65446483615,1
0.129,0.106,6.95533432079166,-0.972337993362037,1216.5786259396,1
0.132,0.106,6.76661379011308,-0.982974703760436,1217.37940396324,1
0.135,0.106,6.55689154974942,-0.993316243236776,1219.21366350342,1
0.138,0.106,6.32438616391973,-1.00332146039407,1222.27252469515,1
0.141,0.106,6.06712833776098,-1.01293076745801,1226.79127284845,1
0.144,0.106,5.7829536816536,-1.0220526389408,1233.06278780119,1
0.147,0.106,5.46950521388207,-1.03053948029941,1241.45596677834,1
0.15,0.106,5.12425579798776,-1.03814465554754,1252.44129478303,1
0.153,0.106,4.74456961725413,-1.04444539080811,1266.62667194586,1
0.156,0.106,4.32783879888448,-1.04870298429989,1284.80803968058,1
0.159,0.106,3.87176305616526,-1.04960444625356,1308.04059949615,1
0.162,0.106,3.37490534511775,-1.04478287804417,1337.73924678511,1
0.165,0.106,2.8377645349117,-1.02990388006084,1375.80921656689,1
0.168,0.106,2.26489216957902,-0.997016748999289,1424.81062532458,1
0.171,0.106,1.66876639768704,-0.93160500583322,1488.05017443759,1
0.174,0.106,1.07758038996315,-0.809117028071745,1569.13966172229,1
0.177,0.106,0.548507991365235,-0.600103188870275,1669.47138374042,1
0.18,0.106,0.169980648928704,-0.303236102113101,1778.95758617854,1
0.183,0.106,0.0,0.0,1850.02465004335,1
0.186,0.106,0.0,0.0,0.0,0
0.189,0.106,0.0,0.0,0.0,0
0.192,0.106,0.0,0.0,0.0,0
0.195,0.106,0.0,0.0,0.0,0
0.198,0.106,0.0,0.0,0.0,0
0.201,0.106,0.0,0.0,0.0,0
0.204,0.106,0.0,0.0,0.0,0
0.207,0.106,0.0,0.0,0.0,0
0.21,0.106,0.0,0.0,0.0,0
0.213,0.106,0.0,0.0,0.0,0
0.216,0.106,0.0,0.0,0.0,0
0.219,0.106,0.0,0.0,0.0,0
0.222,0.106,0.0,0.0,0.0,0
0.225,0.106,0.0,0.0,0.0,0
0.228,0.106,0.0,0.0,-589.302574307754,1
0.231,0.106,0.140589212577226,0.145854837166285,-527.502763876466,1
0.234,0.106,0.462810536049575,0.313942099676035,-428.278497593997,1
0.237,0.106,0.922341178054438,0.42679904426393,-334.705648427162,1
0.24,0.106,1.44215697764728,0.479959814953346,-257.513935119754,1
0.243,0.106,1.97005976010885,0.495578218778914,-196.408559004772,1
0.246,0.106,2.47914971558275,0.492806693703837,-148.529803784958,1
0.249,0.106,2.95678124619559,0.482692236460325,-110.998472685187,1
0.252,0.106,3.3976927342535,0.470977465179854,-81.4722795864628,1
0.255,0.106,3.80049264679149,0.460575875786204,-58.1427925079245,1
0.258,0.106,4.16571270332947,0.452943086707055,-39.6235307441739,1
0.261,0.106,4.49481521313115,0.448824251753945,-24.8470619190457,1
0.264,0.106,4.7896842398824,0.448635829957556,-12.9796302009674,1
0.267,0.106,5.05238095002541,0.452664624185789,-3.35756492860657,1
0.27,0.106,5.28504166926951,0.461171535973458,4.55982044844809,1
0.273,0.106,5.48985704097248,0.47444711019754,11.2249980972847,1
0.276,0.106,5.66910059115729,0.492842621076635,17.0283081530914,1
0.279,0.106,5.82519143276421,0.516789322080399,22.3180075252925,1
0.282,0.106,5.96078491171959,0.546812726692645,27.4162092351735,1
0.285,0.106,6.07889033285871,0.583545949236181,32.6319989650885,1
0.288,0.106,6.18301781918307,0.627744761755219,38.2719124879237,1
0.291,0.106,6.27735392660838,0.680306400948596,44.6423896021107,1
0.294,0.106,6.36692962922225,0.742293564220737,52.0001655526261,1
0.297,0.106,6.45746617108729,0.814961470604756,60.1279315241568,1
0.3,0.106,6.55255196472364,0.89975870677083,65.1972001288277,4
0.0,0.108,6.0,1.0,1286.86278266054,3
0.003,0.108,6.01202668956315,0.850050099741428,1290.7984669292,1
0.006,0.108,6.04031659089242,0.706211183179724,1296.15954947647,1
0.009,0.108,6.08494868696709,0.569063709465866,1301.17804377602,1
0.012,0.108,6.14438706676458,0.439101218417421,1305.58840617077,1
0.015,0.108,6.21679384916611,0.316709235007808,1309.34609709291,1
0.018,0.108,6.30025163046553,0.202157085706759,1312.44397626953,1
0.021,0.108,6.39282849134634,0.0955957596493568,1314.88588981115,1
0.024,0.108,6.49261807201114,-0.0029394898325035,1316.68262201463,1
0.027,0.108,6.59777268125386,-0.0935225038436305,1317.85090590227,1
0.03,0.108,6.70653124727348,-0.17632629060645,1318.41275419842,1
0.033,0.108,6.81724188654698,-0.251610648767525,1318.39475176272,1
0.036,0.108,6.92837885709692,-0.319708202037329,1317.82729280189,1
0.039,0.108,7.03855391674092,-0.381009667811646,1316.74379385309,1
0.042,0.108,7.14652235772567,-0.435949094560678,1315.17991693437,1
0.045,0.108,7.25118418911185,-0.48498968132266,1313.17283293913,1
0.048,0.108,7.35158107782112,-0.528610653910745,1310.76054919999,1
0.051,0.108,7.44688973941564,-0.56729553085118,1307.98131858655,1
0.054,0.108,7.53641249673281,-0.601521979011981,1304.87314119468,1
0.057,0.108,7.61956570770041,-0.63175334228021,1301.47336405691,1
0.06,0.108,7.69586671356354,-0.658431831047776,1297.81837961197,1
0.063,0.108,7.76491988590277,-0.681973287289835,1293.94342003589,1
0.066,0.108,7.82640226479587,-0.702763389010394,1289.88244196975,1
0.069,0.108,7.88004918933074,-0.721155126560934,1285.6680946109,1
0.072,0.108,7.92564023169728,-0.73746736866945,1281.33176345229,1
0.075,0.108,7.96298566176608,-0.751984334440254,1276.90368201837,1
0.078,0.108,7.99191359327135,-0.764955795629638,1272.41310462028,1
0.081,0.108,8.01225789694702,-0.776597848011959,1267.88853431185,1
0.084,0.108,8.02384691062489,-0.787094108933579,1263.35800177406,1
0.087,0.108,8.0264929309984,-0.796597218042126,1258.84939272263,1
0.09,0.108,8.01998243554835,-0.805230538026185,1254.39082359176,1
0.093,0.108,8.00406695475248,-0.813089970821014,1250.01106770982,1
0.096,0.108,7.97845449273895,-0.820245821333017,1245.74003700647,1
0.099,0.108,7.94280137754715,-0.826744654815929,1241.60932758587,1
0.102,0.108,7.89670440875494,-0.832611105316672,1237.65284144126,1
0.105,0.108,7.83969315920184,-0.837849600951065,1233.9075014255,1
0.108,0.108,7.77122227790138,-0.8424459770698,1230.41408269363,1
0.111,0.108,7.6906636323592,-0.846368950498857,1227.21819170696,1
0.114,0.108,7.59729812027692,-0.849571426718589,1224.37143425635,1
0.117,0.108,7.49030697372882,-0.851991606558158,1221.93282785137,1
0.12,0.108,7.36876237540706,-0.853553848762982,1219.97053270405,1
0.123,0.108,7.23161721082638,-0.85416922795031,1218.564001542,1
0.126,0.108,7.07769380092387,-0.853735701100352,1217.80668472903,1
0.129,0.108,6.90567151201013,-0.852137754896345,1217.80947823864,1
0.132,0.108,6.71407325337595,-0.849245342474131,1218.70517471681,1
0.135,0.108,6.50125109991419,-0.844911816866969,1220.65428230934,1
0.138,0.108,6.26537171537943,-0.838970403908966,1223.8527271561,1
0.141,0.108,6.00440308308844,-0.831228483856627,1228.54217564247,1
0.144,0.108,5.71610561799883,-0.821458483690757,1235.02403325411,1
0.147,0.108,5.39803369633997,-0.809383368954061,1243.6786414239,1
0.15,0.108,5.04755927876112,-0.794653252204106,1254.99184803264,1
0.153,0.108,4.66194018941798,-0.776807009072023,1269.59200885502,1
0.156,0.108,4.23847682688882,-0.755207638181179,1288.30143912966,1
0.159,0.108,3.77484347366873,-0.728931476093244,1312.2070288651,1
0.162,0.108,3.26976364014425,-0.696571917591979,1342.75240241542,1
0.165,0.108,2.72437158683938,-0.655896359324819,1381.84475920072,1
0.168,0.108,2.1449019058275,-0.603248447835211,1431.927101866,1
0.171,0.108,1.54792234748702,-0.532619710922715,1495.83824530741,1
0.174,0.108,0.969296661700548,-0.435299136375582,1575.9662287813,1
0.177,0.108,0.4727616713162,-0.303937503094153,1671.38236372837,1
0.18,0.108,0.138505535418214,-0.146038150386723,1770.00914760254,1
0.183,0.108,0.0,0.0,1830.46585499028,1
0.186,0.108,0.0,0.0,0.0,0
0.189,0.108,0.0,0.0,0.0,0
0.192,0.108,0.0,0.0,0.0,0
0.195,0.108,0.0,0.0,0.0,0
0.198,0.108,0.0,0.0,0.0,0
0.201,0.108,0.0,0.0,0.0,0
0.204,0.108,0.0,0.0,0.0,0
0.207,0.108,0.0,0.0,0.0,0
0.21,0.108,0.0,0.0,0.0,0
0.213,0.108,0.0,0.0,0.0,0
0.216,0.108,0.0,0.0,0.0,0
0.219,0.108,0.0,0.0,0.0,0
0.222,0.108,0.0,0.0,0.0,0
0.225,0.108,0.0,0.0,0.0,0
0.228,0.108,0.0,0.0,-566.895484473673,1
0.231,0.108,0.113642537011126,0.0147380149207672,-514.446156517016,1
0.234,0.108,0.397356751982385,0.059390530453338,-425.22140817492,1
0.237,0.108,0.827774761886475,0.100207708207591,-336.543692687027,1
0.24,0.108,1.33536861499851,0.128139035796304,-260.701834185223,1
0.243,0.108,1.86248862151902,0.14665731002386,-199.42323632705,1
0.246,0.108,2.37565060638811,0.160816829920152,-150.937560948105,1
0.249,0.108,2.8587075440571,0.173885812398443,-112.788987044231,1
0.252,0.108,3.3049874832117,0.187596581849501,-82.7476698090114,1
0.255,0.108,3.71258738932022,0.202847672674782,-59.0113860261228,1
0.258,0.108,4.0819285160236,0.220126610026023,-40.1751145390537,1
0.261,0.108,4.41451526864172,0.239733585572172,-25.1492143023768,1
0.264,0.108,4.71232508022996,0.261897805928143,-13.0814054395959,1
0.267,0.108,4.97752110294821,0.286834543676441,-3.29383405070701,1
0.27,0.108,5.2123344087477,0.31477259640626,4.76463344650625,1
0.273,0.108,5.41903836196196,0.345966052494589,11.5540999403241,1
0.276,0.108,5.59997697730348,0.380697794141303,17.4705075840864,1
0.279,0.108,5.75762914521631,0.419278421286902,22.8662978345902,1
0.282,0.108,5.89470136904464,0.462042503866281,28.0668046856908,1
0.285,0.108,6.01424772499808,0.509343125691278,33.3837072837484,1
0.288,0.108,6.11981899328945,0.561545191246597,39.1257510869177,1
0.291,0.108,6.2156405629612,0.619017680482697,45.6013029551738,1
0.294,0.108,6.30678229417002,0.682124784556757,53.0681505749997,1
0.297,0.108,6.39900190120451,0.751215136857031,61.30377079239,1
0.3,0.108,6.4958855101044,0.82660398500326,66.428332150806,4
0.0,0.11,6.0,1.0,1288.84713674241,3
0.003,0.11,6.01217260554934,0.837263211464406,1292.82893004166,1
0.006,0.11,6.04079051405953,0.681706090109952,1298.24812124831,1
0.009,0.11,6.08591081813896,0.534007144632721,1303.31403004547,1
0.012,0.11,6.14595192087012,0.39473344784231,1307.75737275797,1
0.015,0.11,6.21902472627093,0.26431692828005,1311.5329896941,1
0.018,0.11,6.30315992335661,0.143046139386699,1314.63392719816,1
0.021,0.11,6.39637571219606,0.0310653693337981,1317.06465628189,1
0.024,0.11,6.49671999906147,-0.0716205245677041,1318.83692512594,1
0.027,0.11,6.60230516118732,-0.16513647580396,1319.96870053327,1
0.03,0.11,6.71133716358576,-0.249723746686961,1320.48342970899,1
0.033,0.11,6.82213879501056,-0.325723717437682,1320.40926309535,1
0.036,0.11,6.93316681640268,-0.393560011741047,1319.77822507117,1
0.039,0.11,7.04302310032674,-0.453719978536363,1318.62536674412,1
0.042,0.11,7.15046011147685,-0.506736423650438,1316.98793754039,1
0.045,0.11,7.25438128836959,-0.553170319999513,1314.90460697365,1
0.048,0.11,7.35383702645536,-0.593595042727029,1312.41476091421,1
0.051,0.11,7.4480170361334,-0.628582494054589,1309.55788937332,1
0.054,0.11,7.5362398642134,-0.658691315742397,1306.37307596387,1
0.057,0.11,7.61794033581582,-0.684457244110821,1302.89859322019,1
0.06,0.11,7.69265560810956,-0.706385548365641,1299.17160309351,1
0.063,0.11,7.76001043973084,-0.724945408589249,1295.22795827382,1
0.066,0.11,7.81970218082776,-0.740566033528619,1291.10209749772,1
0.069,0.11,7.87148588705426,-0.753634286731129,1286.82702658175,1
0.072,0.11,7.91515986295327,-0.764493578192969,1282.43437642525,1
0.075,0.11,7.95055185041164,-0.773443782755576,1277.95452949265,1
0.078,0.11,7.97750599881873,-0.780741961491404,1273.41680715704,1
0.081,0.11,7.99587068632627,-0.786603684262567,1268.84971162581,1
0.084,0.11,8.00548720618682,-0.791204777195698,1264.28121787308,1
0.087,0.11,8.00617928776046,-0.794683345395337,1259.73911299959,1
0.09,0.11,7.99774338714974,-0.79714194689971,1255.2513827022,1
0.093,0.11,7.97993965601419,-0.798649817346669,1250.84664707449,1
0.096,0.11,7.95248347730158,-0.7992450652319,1246.55465083704,1
0.099,0.11,7.91503744182738,-0.798936774550959,1242.40681642521,1
0.102,0.11,7.86720362838232,-0.797706964837431,1238.43687231766,1
0.105,0.11,7.80851604110454,-0.795512368138687,1234.68157382898,1
0.108,0.11,7.73843305025609,-0.792285988412676,1231.18153967448,1
0.111,0.11,7.65632967572503,-0.787938411341276,1227.98223545664,1
0.114,0.11,7.56148954653246,-0.782358831815052,1225.1351455352,1
0.117,0.11,7.45309636524397,-0.77541576254171,1222.69918854572,1
0.12,0.11,7.33022470579717,-0.766957380605293,1220.74245057726,1
0.123,0.11,7.191829981657,-0.756811459745367,1219.3443358087,1
0.126,0.11,7.0367374474804,-0.744784825409921,1218.59827029384,1
0.129,0.11,6.86363015830472,-0.730662258907582,1218.61514506611,1
0.132,0.11,6.67103593603251,-0.714204769759351,1219.52775643332,1
0.135,0.11,6.45731363896724,-0.695147159029341,1221.4966040602,1
0.138,0.11,6.2206394977579,-0.673194826529118,1224.71755566233,1
0.141,0.11,5.95899515833593,-0.648019863336372,1229.4321019383,1
0.144,0.11,5.67016071262333,-0.619256686052986,1235.9412363693,1
0.147,0.11,5.35171907590565,-0.586497947445972,1244.62444067059,1
0.15,0.11,5.00108389489872,-0.549292513970979,1255.96587722611,1
0.153,0.11,4.61557433619716,-0.507149504358452,1270.59070225258,1
0.156,0.11,4.19258175546334,-0.459557381873693,1289.31525688575,1
0.159,0.11,3.72991603121469,-0.406036844859852,1313.21529970336,1
0.162,0.11,3.22650316578705,-0.346270658701087,1343.71374405309,1
0.165,0.11,2.68377510705032,-0.280393983255746,1382.6790496959,1
0.168,0.11,2.1083858880662,-0.209627517241976,1432.48224095163,1
0.171,0.11,1.51740921369044,-0.13757069771665,1495.83535414273,1
0.174,0.11,0.946983647618108,-0.0719555367451722,1574.92988854268,1
0.177,0.11,0.460043899170504,-0.02432707482322,1668.61986490985,1
0.18,0.11,0.134160964566107,-0.0028968937352066,1764.89683083248,1
0.183,0.11,0.0,0.0,1823.61838518971,1
0.186,0.11,0.0,0.0,0.0,0
0.189,0.11,0.0,0.0,0.0,0
0.192,0.11,0.0,0.0,0.0,0
0.195,0.11,0.0,0.0,0.0,0
0.198,0.11,0.0,0.0,0.0,0
0.201,0.11,0.0,0.0,0.0,0
0.204,0.11,0.0,0.0,0.0,0
0.207,0.11,0.0,0.0,0.0,0
0.21,0.11,0.0,0.0,0.0,0
0.213,0.11,0.0,0.0,0.0,0
0.216,0.11,0.0,0.0,0.0,0
0.219,0.11,0.0,0.0,0.0,0
0.222,0.11,0.0,0.0,0.0,0
0.225,0.11,0.0,0.0,0.0,0
0.228,0.11,0.0,0.0,-558.423465381469,1
0.231,0.11,0.111641045035286,-0.105022450410367,-506.956907706929,1
0.234,0.11,0.39066861294571,-0.181419573467361,-419.368410960574,1
0.237,0.11,0.814649720879429,-0.217307018324282,-332.15775213197,1
0.24,0.11,1.31563238821292,-0.219730366822307,-257.406443517665,1
0.243,0.11,1.83685178013818,-0.20122593566032,-196.890304876877,1
0.246,0.11,2.34503488502666,-0.171343991836509,-148.932747263795,1
0.249,0.11,2.82396062101451,-0.135506643805977,-111.154552014215,1
0.252,0.11,3.26682312358711,-0.0964567700009526,-81.378210545094,1
0.255,0.11,3.67159594529978,-0.0555127683186772,-57.8352956248825,1
0.258,0.11,4.03860176295875,-0.0132491463877025,-39.142615205818,1
0.261,0.11,4.36927039227924,0.0301527090613553,-24.2249515801745,1
0.264,0.11,4.66552358595721,0.0747208787070594,-12.2398527614353,1
0.267,0.11,4.9294826595019,0.120595810239843,-2.51643105575211,1
0.27,0.11,5.16334643622357,0.167975118681876,5.4912863368195,1
0.273,0.11,5.3693622484031,0.21707901586707,12.2393867942451,1
0.276,0.11,5.54985162207024,0.268125068008557,18.1205206685141,1
0.279,0.11,5.70727232619877,0.321306328096422,23.4842825821332,1
0.282,0.11,5.84430925331014,0.376769380330796,28.6534123321902,1
0.285,0.11,5.96399269356227,0.434590030865422,33.9371075994192,1
0.288,0.11,6.06984582191418,0.49474485265905,39.6416410922646,1
0.291,0.11,6.16606090627701,0.557076887093591,46.0728719008745,1
0.294,0.11,6.25766755632443,0.621253915324878,53.4863327760427,1
0.297,0.11,6.35037646866327,0.686719852877814,61.6601489299824,1
0.3,0.11,6.44773714442026,0.752658289997203,66.7378166751361,4
0.0,0.112,6.0,1.0,1291.10332402672,3
0.003,0.112,6.01234259437899,0.824312986146604,1295.13850338631,1
0.006,0.112,6.04134046648669,0.65690415606678,1300.6241693022,1
0.009,0.112,6.08702263596675,0.498554608040405,1305.74319823621,1
0.012,0.112,6.14775206841058,0.349907762140888,1310.22202720612,1
0.015,0.112,6.22157833997842,0.211442875835795,1314.01488005915,1
0.018,0.112,6.30647067936132,0.0834668227571605,1317.11514382779,1
0.021,0.112,6.40038893998002,-0.0338853575292062,1319.52815157718,1
0.024,0.112,6.50132829482176,-0.140643104460132,1321.26691253832,1
0.027,0.112,6.6073559096837,-0.23698734926415,1322.35096627384,1
0.03,0.112,6.71664135156158,-0.323233145323473,1322.80555746597,1
0.033,0.112,6.82748049719098,-0.399809258572401,1322.6607722039,1
0.036,0.112,6.93831277835222,-0.467236055101173,1321.95062696878,1
0.039,0.112,7.0477319230321,-0.526102921969274,1320.7121484633,1
0.042,0.112,7.1544906468396,-0.577046284367993,1318.9844836695,1
0.045,0.112,7.25749996908152,-0.620729066176041,1316.80807290171,1
0.048,0.112,7.35582396609043,-0.657822208583641,1314.22391041435,1
0.051,0.112,7.44867083670043,-0.688988635292705,1311.27290890813,1
0.054,0.112,7.53538115304598,-0.714869849374672,1307.99537677653,1
0.057,0.112,7.6154141187199,-0.736075176523015,1304.43061056414,1
0.06,0.112,7.68833257084685,-0.753173536888616,1300.61660007079,1
0.063,0.112,7.75378735673784,-0.766687533104791,1296.58983987526,1
0.066,0.112,7.81150160128029,-0.777089582407152,1292.38523869074,1
0.069,0.112,7.86125526727675,-0.784799790838325,1288.03611675368,1
0.072,0.112,7.90287030412583,-0.790185261374808,1283.57428119957,1
0.075,0.112,7.93619658469196,-0.793560539294862,1279.0301699011,1
0.078,0.112,7.96109874807902,-0.795188921556098,1274.43305535553,1
0.081,0.112,7.97744399789206,-0.795284387496012,1269.81130175844,1
0.084,0.112,7.98509085091091,-0.7940139418708,1265.19267027571,1
0.087,0.112,7.98387878864952,-0.791500195112525,1260.60466965187,1
0.09,0.112,7.97361873236658,-0.787824037578713,1256.07495163867,1
0.093,0.112,7.95408423888771,-0.783027293091131,1251.63175330801,1
0.096,0.112,7.9250032982715,-0.777115261399141,1247.30439118669,1
0.099,0.112,7.88605060320639,-0.770059078991285,1243.12381542756,1
0.102,0.112,7.83684015258843,-0.761797842874478,1239.1232360838,1
0.105,0.112,7.77691804681918,-0.752240452728884,1235.33883822513,1
0.108,0.112,7.70575532916081,-0.741267133579369,1231.81060847122,1
0.111,0.112,7.62274072565268,-0.728730604297224,1228.58330299867,1
0.114,0.112,7.5271731359584,-0.714456857533984,1225.70759687417,1
0.117,0.112,7.41825373040064,-0.69824551506649,1223.24146762384,1
0.12,0.112,7.29507751726394,-0.679869720526851,1221.25188360962,1
0.123,0.112,7.15662426472968,-0.659075531683697,1219.81689197762,1
0.126,0.112,7.00174870350515,-0.635580781407873,1219.02823446262,1
0.129,0.112,6.82917001690673,-0.609073398543284,1218.99466625479,1
0.132,0.112,6.63746077579171,-0.579209232597285,1219.84621945,1
0.135,0.112,6.42503575089565,-0.545609538580019,1221.7397471464,1
0.138,0.112,6.19014153189237,-0.507858505754004,1224.8662200463,1
0.141,0.112,5.93084877515688,-0.465501663255704,1229.46044347831,1
0.144,0.112,5.64505050777172,-0.418046873552022,1235.81414658166,1
0.147,0.112,5.33047281596123,-0.364971347156958,1244.29380328268,1
0.15,0.112,4.9847095331542,-0.305741488735485,1255.36512755844,1
0.153,0.112,4.60530223758532,-0.239859171706908,1269.62695967813,1
0.156,0.112,4.18990498240964,-0.166961369041313,1287.85831739364,1
0.159,0.112,3.73660640325287,-0.0870282759249893,1311.08300027349,1
0.162,0.112,3.24454705148987,-0.0008066518973719,1340.65737175036,1
0.165,0.112,2.71507529414984,0.0893247973292585,1378.37777826659,1
0.168,0.112,2.15393690840455,0.177686775268478,1426.60054253263,1
0.171,0.112,1.57511060677027,0.252135330299738,1488.2637517307,1
0.174,0.112,1.00789264515759,0.289759242937408,1566.38054458998,1
0.177,0.112,0.507744131891881,0.259070869558944,1661.61242186383,1
0.18,0.112,0.155578309419169,0.145851856478274,1763.89420631797,1
0.183,0.112,0.0,0.0,1829.4151571943,1
0.186,0.112,0.0,0.0,0.0,0
0.189,0.112,0.0,0.0,0.0,0
0.192,0.112,0.0,0.0,0.0,0
0.195,0.112,0.0,0.0,0.0,0
0.198,0.112,0.0,0.0,0.0,0
0.201,0.112,0.0,0.0,0.0,0
0.204,0.112,0.0,0.0,0.0,0
0.207,0.112,0.0,0.0,0.0,0
0.21,0.112,0.0,0.0,0.0,0
0.213,0.112,0.0,0.0,0.0,0
0.216,0.112,0.0,0.0,0.0,0
0.219,0.112,0.0,0.0,0.0,0
0.222,0.112,0.0,0.0,0.0,0
0.225,0.112,0.0,0.0,0.0,0
0.228,0.112,0.0,0.0,-563.60073128689,1
0.231,0.112,0.133890690478978,-0.2318602698434,-504.977364930221,1
0.234,0.112,0.441260033052887,-0.428082945141164,-410.863983387327,1
0.237,0.112,0.881164215908744,-0.534901961417799,-321.733524406563,1
0.24,0.112,1.38132368468319,-0.563182685248358,-247.777440713695,1
0.243,0.112,1.89187084328575,-0.54297804780585,-188.912984405269,1
0.246,0.112,2.38633488261402,-0.497354961432415,-142.583084078107,1
0.249,0.112,2.85180767970352,-0.439358352014034,-106.139719567151,1
0.252,0.112,3.2826381324546,-0.37573363274736,-77.3938536494929,1
0.255,0.112,3.67708010236604,-0.309842817705285,-54.6351330137039,1
0.258,0.112,4.035383638759,-0.243261878901033,-36.5405604068228,1
0.261,0.112,4.35879731939454,-0.176645021796933,-22.084698219848,1
0.264,0.112,4.6490452025955,-0.110172458765095,-10.4625242973018,1
0.267,0.112,4.90806778118218,-0.0437902357787492,-1.0308065424099,1
0.27,0.112,5.13790798832943,0.0226570955945229,6.73594234993702,1
0.273,0.112,5.34068072527266,0.0893471123668128,13.2783275823748,1
0.276,0.112,5.51859373542789,0.156425934986055,18.9769308487441,1
0.279,0.112,5.67400399846628,0.223965518852194,24.1715476944381,1
0.282,0.112,5.80950295443081,0.291923362989095,29.1765648776439,1
0.285,0.112,5.92802927561325,0.36009927710846,34.2936667701416,1
0.288,0.112,6.03301087172747,0.428085221068429,39.8220070823709,1
0.291,0.112,6.12853547923051,0.495204681471617,46.0605353370874,1
0.294,0.112,6.21951386242863,0.560438520546076,53.2592482970615,1
0.297,0.112,6.31152676799716,0.622339203470364,61.2027512450103,1
0.3,0.112,6.40805298810018,0.678976299616608,66.1320615106129,4
0.0,0.114,6.0,1.0,1293.63831727156,3
0.003,0.114,6.01253805429355,0.811174231877068,1297.73457477009,1
0.006,0.114,6.04197076595553,0.631761491968923,1303.29553003509,1
0.009,0.114,6.08829238553796,0.462650517159378,1308.47363937279,1
0.012,0.114,6.14979994882449,0.304564018939947,1312.99048960854,1
0.015,0.114,6.22447085132193,0.158029246637301,1316.7996990301,1
0.018,0.114,6.31020265753999,0.0233698651782685,1319.89517087498,1
0.021,0.114,6.40488790020795,-0.099291801693243,1322.28336734102,1
0.024,0.114,6.50646168629326,-0.210024526589903,1323.97889105173,1
0.027,0.114,6.61294054250423,-0.309071405636144,1325.00323085472,1
0.03,0.114,6.72245423278093,-0.396828119198539,1325.38382921935,1
0.033,0.114,6.83327032148708,-0.473817879410828,1325.1531128544,1
0.036,0.114,6.94381138333106,-0.540664686213535,1324.34748314917,1
0.039,0.114,7.05266512756179,-0.598066366407049,1323.00630922479,1
0.042,0.114,7.15858802559616,-0.646768639778044,1321.17096599891,1
0.045,0.114,7.26050326017349,-0.687541179281186,1318.88395141596,1
0.048,0.114,7.35749394669597,-0.721156342136018,1316.18810738063,1
0.051,0.114,7.44879262348756,-0.74837097263983,1313.12595963008,1
0.054,0.114,7.53376798333221,-0.769911434623372,1309.7391835379,1
0.057,0.114,7.61190974224343,-0.78646183291525,1306.06819605381,1
0.06,0.114,7.68281243109785,-0.79865523307494,1302.15186879932,1
0.063,0.114,7.74615876760938,-0.807067585720642,1298.02735373997,1
0.066,0.114,7.80170313317972,-0.81221400102915,1293.73001069745,1
0.069,0.114,7.84925555114052,-0.814546993329154,1289.29342504055,1
0.072,0.114,7.88866644630097,-0.814456317266611,1284.7495039675,1
0.075,0.114,7.91981236425888,-0.81227003808914,1280.12864063159,1
0.078,0.114,7.94258274414023,-0.808256512275691,1275.45993676258,1
0.081,0.114,7.95686777019148,-0.802626995261791,1270.7714762301,1
0.084,0.114,7.96254727476754,-0.795538635853411,1266.09064405828,1
0.087,0.114,7.95948062589882,-0.787097658751946,1261.44448765586,1
0.09,0.114,7.94749750465831,-0.777362575151521,1256.86011943996,1
0.093,0.114,7.92638945882255,-0.766347295213813,1252.36516261671,1
0.096,0.114,7.89590210780456,-0.754024044655151,1247.98824469417,1
0.099,0.114,7.85572786776525,-0.740326010488446,1243.75954644702,1
0.102,0.114,7.80549906374772,-0.725149658312598,1239.71141768532,1
0.105,0.114,7.74478129658962,-0.70835667587201,1235.87907552565,1
0.108,0.114,7.67306693569279,-0.689775505581339,1232.30140623076,1
0.111,0.114,7.58976861449884,-0.669202433231906,1229.02189849926,1
0.114,0.114,7.49421261456607,-0.646402202422305,1226.0897449373,1
0.117,0.114,7.38563203844522,-0.621108126238733,1223.56116014679,1
0.12,0.114,7.26315969483514,-0.593021672270824,1221.50097957037,1
0.123,0.114,7.12582065824581,-0.561811509046817,1219.9846245736,1
0.126,0.114,6.97252453055409,-0.527112029795053,1219.1005485623,1
0.129,0.114,6.80205754169745,-0.488521427902889,1218.95331961449,1
0.132,0.114,6.61307481183112,-0.445599514159902,1219.66755209452,1
0.135,0.114,6.40409340861844,-0.397865687263898,1221.39298028322,1
0.138,0.114,6.17348735665733,-0.344797885469961,1224.3110819519,1
0.141,0.114,5.91948663600545,-0.285834125234258,1228.64382514966,1
0.144,0.114,5.6401836875938,-0.220379688757198,1234.66535106629,1
0.147,0.114,5.33355343922813,-0.147825757793811,1242.71775802458,1
0.15,0.114,4.99749706201622,-0.0675905000820256,1253.23266568433,1
0.153,0.114,4.62992673522446,0.020796481192818,1266.76104569186,1
0.156,0.114,4.22892024092308,0.117525909187929,1284.01489012995,1
0.159,0.114,3.79299371413333,0.222180156643725,1305.92682445542,1
0.162,0.114,3.3215666475418,0.333090100572663,1333.73472857819,1
0.165,0.114,2.81574970419824,0.44611340528427,1369.11625269101,1
0.168,0.114,2.2795617054456,0.552237553233988,1414.36703697778,1
0.171,0.114,1.72211262293824,0.633613806435573,1472.7954710703,1
0.174,0.114,1.16018982119684,0.656160042815685,1548.91181065586,1
0.177,0.114,0.630422349975079,0.565345893127609,1647.08425945503,1
0.18,0.114,0.213683286483037,0.321412615170586,1762.36047379732,1
0.183,0.114,0.0,0.0,1844.36603645322,1
0.186,0.114,0.0,0.0,0.0,0
0.189,0.114,0.0,0.0,0.0,0
0.192,0.114,0.0,0.0,0.0,0
0.195,0.114,0.0,0.0,0.0,0
0.198,0.114,0.0,0.0,0.0,0
0.201,0.114,0.0,0.0,0.0,0
0.204,0.114,0.0,0.0,0.0,0
0.207,0.114,0.0,0.0,0.0,0
0.21,0.114,0.0,0.0,0.0,0
0.213,0.114,0.0,0.0,0.0,0
0.216,0.114,0.0,0.0,0.0,0
0.219,0.114,0.0,0.0,0.0,0
0.222,0.114,0.0,0.0,0.0,0
0.225,0.114,0.0,0.0,0.0,0
0.228,0.114,0.0,0.0,-579.057624085941,1
0.231,0.114,0.191333775356202,-0.386004597306969,-503.913632953814,1
0.234,0.114,0.563977973809642,-0.699078364515675,-396.375790670787,1
0.237,0.114,1.03601676815022,-0.859105510503,-303.773082019568,1
0.24,0.114,1.53402805732402,-0.900075807178334,-231.407569114812,1
0.243,0.114,2.02584343945771,-0.873040019043519,-175.522464466978,1
0.246,0.114,2.49711470473959,-0.810924631278393,-132.031798664733,1
0.249,0.114,2.93987116461531,-0.731686820557176,-97.8787889938332,1
0.252,0.114,3.35038338869468,-0.644954532512977,-70.9026111273644,1
0.255,0.114,3.72734412505377,-0.555627010869411,-49.4911587746865,1
0.258,0.114,4.07088931764014,-0.46610918014126,-32.4275629061726,1
0.261,0.114,4.38196411936956,-0.377480259647532,-18.7708874971012,1
0.264,0.114,4.6619574705541,-0.290132637000331,-7.78003667322012,1
0.267,0.114,4.91249934307042,-0.204118626882732,1.14113724535618,1
0.27,0.114,5.135362467669,-0.119347155878921,8.48326511864528,1
0.273,0.114,5.33243081161971,-0.0357025538987613,14.6607007190493,1
0.276,0.114,5.5057133401419,0.0468752054476602,20.033673929454,1
0.279,0.114,5.65739149836371,0.128327305855226,24.9255822339956,1
0.282,0.114,5.78989529170082,0.208417391545132,29.6369605449074,1
0.285,0.114,5.90600703970858,0.286669347743402,34.4571497317726,1
0.288,0.114,6.00899432940361,0.362295575640037,39.6737064532417,1
0.291,0.114,6.10277130612806,0.434110508073701,45.5744194708399,1
0.294,0.114,6.19205361140224,0.500424919062311,52.4005916758457,1
0.297,0.114,6.28221147338333,0.558924311445738,59.9490607555579,1
0.3,0.114,6.37662021999336,0.606597498762148,64.6308963712836,4
0.0,0.116,6.0,1.0,1296.46054972418,3
0.003,0.116,6.01276057556819,0.797820262178055,1300.62604507811,1
0.006,0.116,6.04268628730095,0.606231721272638,1306.27159687688,1
0.009,0.116,6.08972928856731,0.426236367616266,1311.5150042204,1
0.012,0.116,6.15210930424637,0.258639281669227,1316.07239788404,1
0.015,0.116,6.22771981844143,0.104016056561415,1319.89681208357,1
0.018,0.116,6.31437576641669,-0.0372950943007007,1322.98286943802,1
0.021,0.116,6.40989280586917,-0.165189071512869,1325.33846616027,1
0.024,0.116,6.51213828184894,-0.279780289313437,1326.98017447342,1
0.027,0.116,6.61907251818948,-0.381381573523124,1327.9318553336,1
0.03,0.116,6.72878214796955,-0.470477488829348,1328.22359480621,1
0.033,0.116,6.83950528126673,-0.547694110034497,1327.89060725028,1
0.036,0.116,6.949648503221,-0.61376718263593,1326.97210846699,1
0.039,0.116,7.05779611295272,-0.669510411008158,1325.51020698981,1
0.042,0.116,7.16271236366189,-0.715785310638079,1323.54885922326,1
0.045,0.116,7.26333769972962,-0.753473710772355,1321.13292385442,1
0.048,0.116,7.35878010827811,-0.783453636763161,1318.30733964822,1
0.051,0.116,7.44830272562621,-0.806578969471123,1315.11644016987,1
0.054,0.116,7.53130878483178,-0.823662993847993,1311.60340991339,1
0.057,0.116,7.60732488215105,-0.835465721681567,1307.80987910517,1
0.06,0.116,7.67598339950497,-0.842684707330688,1303.7756491731,1
0.063,0.116,7.73700476540217,-0.845948966671579,1299.53853741752,1
0.066,0.116,7.79018008256038,-0.845815550913536,1295.13432756438,1
0.069,0.116,7.83535450677303,-0.842768308851683,1290.59681234188,1
0.072,0.116,7.87241163460881,-0.837218383440638,1285.95791470412,1
0.075,0.116,7.90125905035949,-0.829506021829173,1281.24787555604,1
0.078,0.116,7.92181509591532,-0.819903323981254,1276.49549757868,1
0.081,0.116,7.93399685994631,-0.808617607069095,1271.72843682669,1
0.084,0.116,7.93770933288516,-0.795795115903228,1266.97353604041,1
0.087,0.116,7.93283563922824,-0.781524860181144,1262.25719599865,1
0.09,0.116,7.91922823595118,-0.765842404967595,1257.60578370401,1
0.093,0.116,7.89670095286559,-0.748733480257602,1253.04607874768,1
0.096,0.116,7.86502174531118,-0.73013730818445,1248.60576189914,1
0.099,0.116,7.82390602987429,-0.709949572456545,1244.3139529002,1
0.102,0.116,7.77301047850614,-0.68802497438985,1240.20180775199,1
0.105,0.116,7.71192715466542,-0.664179334213531,1236.30318966049,1
0.108,0.116,7.64017788671245,-0.638191206220679,1232.65543251066,1
0.111,0.116,7.55720878924857,-0.609802983217643,1229.30022162125,1
0.114,0.116,7.46238486387744,-0.578721471530887,1226.28462406494,1
0.117,0.116,7.35498463972989,-0.544617925397309,1223.66231066657,1
0.12,0.116,7.23419485570669,-0.507127543308494,1221.49502480494,1
0.123,0.116,7.09910524828612,-0.4658484559941,1219.85437057931,1
0.126,0.116,6.94870360283507,-0.420340288304462,1218.82401650201,1
0.129,0.116,6.78187137136297,-0.370122476046312,1218.50244312122,1
0.132,0.116,6.59738038480448,-0.314672700034948,1219.00640742919,1
0.135,0.116,6.3938915386738,-0.25342612719747,1220.47535877619,1
0.138,0.116,6.1699568774212,-0.185776736717858,1223.07712807046,1
0.141,0.116,5.92402735134252,-0.111083064659223,1227.0153361651,1
0.144,0.116,5.65446982688691,-0.0286825997037343,1232.53914813966,1
0.147,0.116,5.35959891031801,0.0620774941854759,1239.956269054,1
0.15,0.116,5.03773205707612,0.161779389521507,1249.65050626072,1
0.153,0.116,4.68728042636681,0.270817817099913,1262.10590057646,1
0.156,0.116,4.30689288847294,0.38918099912405,1277.94089668708,1
0.159,0.116,3.89567363341064,0.516042246946369,1297.957960583,1
0.162,0.116,3.45349348450067,0.649010503975605,1323.22405272608,1
0.165,0.116,2.98136963844351,0.782730302130367,1355.19497679831,1
0.168,0.116,2.48189248715587,0.906469671979059,1396.02174365754,1
0.171,0.116,1.95905237069636,0.999288087639353,1448.88022191156,1
0.174,0.116,1.41920621825455,1.0244666658571,1520.02945164216,1
0.177,0.116,0.863658211934848,0.908089821916144,1617.58100805127,1
0.18,0.116,0.340480556471798,0.550875747354382,1746.09696913884,1
0.183,0.116,0.0,0.0,1854.3047860517,1
0.186,0.116,0.0,0.0,0.0,0
0.189,0.116,0.0,0.0,0.0,0
0.192,0.116,0.0,0.0,0.0,0
0.195,0.116,0.0,0.0,0.0,0
0.198,0.116,0.0,0.0,0.0,0
0.201,0.116,0.0,0.0,0.0,0
0.204,0.116,0.0,0.0,0.0,0
0.207,0.116,0.0,0.0,0.0,0
0.21,0.116,0.0,0.0,0.0,0
0.213,0.116,0.0,0.0,0.0,0
0.216,0.116,0.0,0.0,0.0,0
0.219,0.116,0.0,0.0,0.0,0
0.222,0.116,0.0,0.0,0.0,0
0.225,0.116,0.0,0.0,0.0,0
0.228,0.116,0.0,0.0,-591.263041888796,1
0.231,0.116,0.315224842887457,-0.593652632264727,-490.045071775842,1
0.234,0.116,0.7939388403582,-1.00773880944572,-368.56347621387,1
0.237,0.116,1.29480935520573,-1.18755289891996,-275.71513612223,1
0.24,0.116,1.77490916129921,-1.22352776437142,-207.65299154874,1
0.243,0.116,2.23578140389967,-1.18461169459544,-156.872189823082,1
0.246,0.116,2.67313505665899,-1.10554872651686,-117.518707676776,1
0.249,0.116,3.08410893358016,-1.00674900822081,-86.6084243695721,1
0.252,0.116,3.46656910730154,-0.899158566384378,-62.0881266214632,1
0.255,0.116,3.81949719663221,-0.788653223997865,-42.540759399776,1
0.258,0.116,4.14275335976046,-0.678242463761686,-26.9036905438086,1
0.261,0.116,4.43683492319607,-0.569376898005344,-14.356027627239,1
0.264,0.116,4.70266471004551,-0.462669421290196,-4.24467592299045,1
0.267,0.116,4.9414475436253,-0.358308371007335,3.9620159835148,1
0.27,0.116,5.1545868998551,-0.256299620916945,10.7070866323925,1
0.273,0.116,5.343650408668,-0.156617826552554,16.3690474487061,1
0.276,0.116,5.51037380542458,-0.0593108951172017,21.2803370417387,1
0.279,0.116,5.65669656068341,0.0354168660362296,25.7419620242849,1
0.282,0.116,5.78482581673595,0.127127613999352,30.0355553450366,1
0.285,0.116,5.89732809386265,0.215068728553533,34.4336333874148,1
0.288,0.116,5.9972500642123,0.298079772243287,39.2079694680768,1
0.291,0.116,6.08826726941175,0.374480855733698,44.6312015440143,1
0.294,0.116,6.17482794667522,0.441936721859533,50.9329948544769,1
0.297,0.116,6.26201531455093,0.497301244794952,57.9280435375628,1
0.3,0.116,6.35307081566957,0.53653069570773,62.2671984979377,4
0.0,0.118,6.0,1.0,1299.58002583669,3
0.003,0.118,6.01301196701368,0.784222698197372,1303.8234460823,1
0.006,0.118,6.04349253790048,0.580265685653715,1309.56344350455,1
0.009,0.118,6.09134367254765,0.389250452181719,1314.87862576209,1
0.012,0.118,6.15469534620705,0.212067657305248,1319.4790231794,1
0.015,0.118,6.23134436732592,0.0493412141553864,1323.3171221976,1
0.018,0.118,6.31901119412734,-0.0985791889854503,1326.38850319903,1
0.021,0.118,6.41542439873142,-0.231611378602944,1328.70284850572,1
0.024,0.118,6.51837547920052,-0.349923158141912,1330.27913024459,1
0.027,0.118,6.62576287813615,-0.4539062093025,1331.14406075242,1
0.03,0.118,6.73562690872204,-0.544143804555302,1331.3308703287,1
0.033,0.118,6.84617543375726,-0.621374768411276,1330.87805805434,1
0.036,0.118,6.95580041867538,-0.686456002392705,1329.82812667564,1
0.039,0.118,7.06308595509316,-0.740325603754192,1328.22635588432,1
0.042,0.118,7.16680873010709,-0.78396821746914,1326.11966319427,1
0.045,0.118,7.26593215436416,-0.818383823283795,1323.55558883602,1
0.048,0.118,7.35959546521402,-0.844560724912928,1320.58142775834,1
0.051,0.118,7.44709911227331,-0.86345311414961,1317.24351981356,1
0.054,0.118,7.52788763975814,-0.875963252386294,1313.58669925954,1
0.057,0.118,7.60153113179219,-0.88292805670601,1309.65389711009,1
0.06,0.118,7.66770610949338,-0.885109698007951,1305.48588458251,1
0.063,0.118,7.72617658305315,-0.883189708088118,1301.12114270128,1
0.066,0.118,7.7767757837813,-0.877766040424564,1296.59584169166,1
0.069,0.118,7.81938894040135,-0.869352523007606,1291.94391376396,1
0.072,0.118,7.85393732636709,-0.858380168295792,1287.19720388636,1
0.075,0.118,7.88036369267571,-0.845199853851305,1282.38568485055,1
0.078,0.118,7.89861911306666,-0.83008594784104,1277.53772508464,1
0.081,0.118,7.90865120348712,-0.813240518880711,1272.68040006079,1
0.084,0.118,7.9103936322692,-0.794797834159375,1267.83984064093,1
0.087,0.118,7.90375680829388,-0.774828909700923,1263.04161421904,1
0.09,0.118,7.88861961829261,-0.753345929758346,1258.31113701881,1
0.093,0.118,7.86482207848227,-0.730306397604632,1253.6741184005,1
0.096,0.118,7.83215876755296,-0.705616917145205,1249.15704056532,1
0.099,0.118,7.79037291581044,-0.679136534211416,1244.78767970355,1
0.102,0.118,7.7391510378094,-0.650679588930388,1240.5956775271,1
0.105,0.118,7.67811801255407,-0.620018047385533,1236.6131754154,1
0.108,0.118,7.60683253647419,-0.586883293418967,1232.87552728421,1
0.111,0.118,7.5247829009508,-0.550967371876981,1229.42211202004,1
0.114,0.118,7.43138308030036,-0.511923685579344,1226.29727224534,1
0.117,0.118,7.32596916140781,-0.469367163729105,1223.55141373103,1
0.12,0.118,7.20779620824047,-0.422873945364182,1221.24230953719,1
0.123,0.118,7.07603574178732,-0.371980667311083,1219.43666571546,1
0.126,0.118,6.92977414125675,-0.316183527509775,1218.21202219352,1
0.129,0.118,6.76801245437042,-0.254937437495583,1217.65908470378,1
0.132,0.118,6.58966837057953,-0.187655826124268,1217.88461327849,1
0.135,0.118,6.39358149984857,-0.113712085272284,1219.01503270355,1
0.138,0.118,6.17852366458283,-0.0324443865730808,1221.20098454029,1
0.141,0.118,5.94321672126408,0.0568331291186018,1224.62311561823,1
0.144,0.118,5.68636155416993,0.154807586957482,1229.49950580165,1
0.147,0.118,5.4066833674627,0.262124019721451,1236.09530408384,1
0.15,0.118,5.10300013551844,0.379305739250778,1244.73541135558,1
0.153,0.118,4.77432254409924,0.506611236668686,1255.82159899223,1
0.156,0.118,4.41999313942072,0.643780029887804,1269.85638787041,1
0.159,0.118,4.03986598653461,0.789586688171571,1287.47944224265,1
0.162,0.118,3.63450127456664,0.941057722595949,1309.52445368987,1
0.165,0.118,3.20529982232932,1.09214463874631,1337.14355215469,1
0.168,0.118,2.75427457300619,1.23133425181903,1371.97842370956,1
0.171,0.118,2.28330292120272,1.33824624731252,1417.05709686639,1
0.174,0.118,1.78963233675646,1.37423666531842,1476.40502481545,1
0.177,0.118,1.2677068997005,1.28209280857903,1566.84079138712,1
0.18,0.118,0.620041109778512,0.867556048839037,1678.52070029745,1
0.183,0.118,0.0,0.0,1802.48035447082,1
0.186,0.118,0.0,0.0,0.0,0
0.189,0.118,0.0,0.0,0.0,0
0.192,0.118,0.0,0.0,0.0,0
0.195,0.118,0.0,0.0,0.0,0
0.198,0.118,0.0,0.0,0.0,0
0.201,0.118,0.0,0.0,0.0,0
0.204,0.118,0.0,0.0,0.0,0
0.207,0.118,0.0,0.0,0.0,0
0.21,0.118,0.0,0.0,0.0,0
0.213,0.118,0.0,0.0,0.0,0
0.216,0.118,0.0,0.0,0.0,0
0.219,0.118,0.0,0.0,0.0,0
0.222,0.118,0.0,0.0,0.0,0
0.225,0.118,0.0,0.0,0.0,0
0.228,0.118,0.0,0.0,-545.753412951118,1
0.231,0.118,0.587280615124077,-0.887399726637354,-428.035116518246,1
0.234,0.118,1.19028118099642,-1.34932388162452,-321.118261729838,1
0.237,0.118,1.66280869608154,-1.50067095139263,-234.165427434522,1
0.24,0.118,2.10190371424116,-1.52325195555596,-176.890032947423,1
0.243,0.118,2.51548201140286,-1.46928362963753,-133.261770725351,1
0.246,0.118,2.9080050751067,-1.37480377535774,-99.4853120816094,1
0.249,0.118,3.27876399170839,-1.25921710623796,-72.6660676766979,1
0.252,0.118,3.62635258684257,-1.13389286511148,-51.2098130480177,1
0.255,0.118,3.94955669467238,-1.00516611703152,-33.9729356260447,1
0.258,0.118,4.24772279465903,-0.876492794333996,-20.1062243665438,1
0.261,0.118,4.52074511679317,-0.749661682322783,-8.93935065087826,1
0.264,0.118,4.76896665659275,-0.625530264259578,0.0719780268755458,1
0.267,0.118,4.99307506550878,-0.504463724305607,7.3806300125402,1
0.27,0.118,5.19402676946621,-0.386606454945787,13.3715560309941,1
0.273,0.118,5.37300542266794,-0.272058915095824,18.3794521614016,1
0.276,0.118,5.53141328070296,-0.161004046098233,22.7026716296446,1
0.279,0.118,5.67089258297297,-0.0538098442007076,26.6146618477478,1
0.282,0.118,5.79337503308141,0.0488750359397869,30.3737154843732,1
0.285,0.118,5.90115908415974,0.146021040856689,34.2315215604154,1
0.288,0.118,5.9970159974126,0.236103755139104,38.4402846632976,1
0.291,0.118,6.08432325381834,0.316968087332524,43.2538615516839,1
0.294,0.118,6.16719491254268,0.385663856609972,48.8876309270554,1
0.297,0.118,6.25035632158114,0.438258926908163,55.1795893969484,1
0.3,0.118,6.33688784024384,0.469739180203744,59.0862296659919,4
0.0,0.12,6.0,1.0,1303.00845369313,3
0.003,0.12,6.01329428773965,0.770351243200616,1307.3390812786,1
0.006,0.12,6.04439574744596,0.553811111152151,1313.18397080357,1
0.009,0.12,6.09314712260206,0.351627544973741,1318.57766466314,1
0.012,0.12,6.15757494818909,0.164780118777582,1323.22340605621,1
0.015,0.12,6.2353653828321,-0.0060594188882381,1327.07319014469,1
0.018,0.12,6.32413154290862,-0.16053395661457,1330.12383792681,1
0.021,0.12,6.42150396906827,-0.298591328835784,1332.3872284979,1
0.024,0.12,6.52518981804916,-0.420462117935282,1333.88523045344,1
0.027,0.12,6.63301989316412,-0.526627744479097,1334.64795510037,1
0.03,0.12,6.74298521703758,-0.617781747341813,1334.71234314412,1
0.033,0.12,6.85326307147823,-0.694787188284607,1334.12073444912,1
0.036,0.12,6.9622328003666,-0.758632918743417,1332.91944115461,1
0.039,0.12,7.06848221170006,-0.810391060815832,1331.15738537194,1
0.042,0.12,7.17080582146068,-0.851177553626398,1328.88485419759,1
0.045,0.12,7.26819641528589,-0.882117073409539,1326.15240895974,1
0.048,0.12,7.35983147865963,-0.904313111058233,1323.00996991861,1
0.051,0.12,7.44505599405689,-0.918823527410469,1319.50608401669,1
0.054,0.12,7.52336296097775,-0.926641529147752,1315.68737242767,1
0.057,0.12,7.59437279775491,-0.928681726150802,1311.59814673982,1
0.06,0.12,7.65781256304539,-0.925770741777696,1307.28017745933,1
0.063,0.12,7.71349571376531,-0.918641740111047,1302.77259575918,1
0.066,0.12,7.76130291139796,-0.907932193802682,1298.11190856925,1
0.069,0.12,7.80116421002879,-0.894184226441699,1293.33210772636,1
0.072,0.12,7.83304281171018,-0.877846908851187,1288.46485553956,1
0.075,0.12,7.85692045844601,-0.859279955850458,1283.53973140415,1
0.078,0.12,7.8727844431915,-0.838758347861189,1278.58452672183,1
0.081,0.12,7.88061616125735,-0.816477482030857,1273.62557813965,1
0.084,0.12,7.88038108421248,-0.792558534515534,1268.6881318623,1
0.087,0.12,7.87202001658947,-0.767053785531636,1263.79673443919,1
0.09,0.12,7.855441487563,-0.739951719755671,1258.97564794878,1
0.093,0.12,7.83051513203797,-0.711181765893485,1254.24928990683,1
0.096,0.12,7.79706592569938,-0.680618580942614,1249.64270055508,1
0.099,0.12,7.7548691547361,-0.648085817665373,1245.18204251042,1
0.102,0.12,7.7036460221227,-0.613359339374243,1240.89514016279,1
0.105,0.12,7.64305981828225,-0.576169865988543,1236.81206881628,1
0.108,0.12,7.57271261526811,-0.536205051549097,1232.96580650646,1
0.111,0.12,7.49214248187698,-0.493111008646733,1229.39296485817,1
0.114,0.12,7.40082126512009,-0.446493313112789,1226.13461946094,1
0.117,0.12,7.29815304556618,-0.395917547926854,1223.23726525303,1
0.12,0.12,7.18347345664252,-0.340909486225298,1220.75392857518,1
0.123,0.12,7.05605017029544,-0.280955081334925,1218.74547516728,1
0.126,0.12,6.91508500658726,-0.215500545650217,1217.28216274227,1
0.129,0.12,6.75971834109299,-0.143952990213286,1216.44549818681,1
0.132,0.12,6.58903678606017,-0.0656824125752513,1216.33047317539,1
0.135,0.12,6.40208554112072,0.0199736564166315,1217.04826823286,1
0.138,0.12,6.19788738450197,0.113700670502126,1218.7295342031,1
0.141,0.12,5.97547104155151,0.216189140497919,1221.52838207375,1
0.144,0.12,5.73391263332423,0.328102276434541,1225.62723952628,1
0.147,0.12,5.47239499536014,0.450019277662495,1231.24277194654,1
0.15,0.12,5.19029055825248,0.582337858828746,1238.63315051242,1
0.153,0.12,4.88727331942504,0.725108895214199,1248.10712035863,1
0.156,0.12,4.56346219734042,0.877759068374992,1260.03599540861,1
0.159,0.12,4.21958670753191,1.03862920605695,1274.87044915771,1
0.162,0.12,3.85713930248045,1.20422012771259,1293.17168179294,1
0.165,0.12,3.47840789311927,1.36795225933835,1315.65696821066,1
0.168,0.12,3.08620697396851,1.51828390088225,1343.39093888967,1
0.171,0.12,2.68263635175967,1.63518457408788,1377.75003456765,1
0.174,0.12,2.26724688394081,1.68680225360463,1422.97415624999,1
0.177,0.12,1.82324919391814,1.60608725231794,1476.70871849824,1
0.18,0.12,1.33351368199439,1.32457722002836,1585.46235870617,1
0.183,0.12,0.0,0.0,1345.52029402712,1
0.186,0.12,0.0,0.0,748.86331898293,1
0.189,0.12,0.0,0.0,701.619395953381,1
0.192,0.12,0.0,0.0,673.345198224884,1
0.195,0.12,0.0,0.0,657.688778886929,1
0.198,0.12,0.0,0.0,641.57713225676,1
0.201,0.12,0.0,0.0,624.588232171531,1
0.204,0.12,0.0,0.0,606.783622145457,1
0.207,0.12,0.0,0.0,588.68619908508,1
0.21,0.12,0.0,0.0,570.843249603986,1
0.213,0.12,0.0,0.0,553.827470639002,1
0.216,0.12,0.0,0.0,537.837669817893,1
0.219,0.12,0.0,0.0,522.733067505496,1
0.222,0.12,0.0,0.0,496.461105814467,1
0.225,0.12,0.0,0.0,453.867599228779,1
0.228,0.12,0.0,0.0,-112.106360533798,1
0.231,0.12,1.28066143531425,-1.3194354463612,-341.959055573713,1
0.234,0.12,1.73530658903029,-1.64532373537251,-236.176017883646,1
0.237,0.12,2.13649639648156,-1.78043709415866,-183.636574619364,1
0.24,0.12,2.50352818750848,-1.78455606877969,-139.362400116788,1
0.243,0.12,2.8549230886973,-1.71899007682638,-105.687421293717,1
0.246,0.12,3.19285815201353,-1.6127629620476,-78.5193032376368,1
0.249,0.12,3.5164662803454,-1.48454181826821,-56.5095536752616,1
0.252,0.12,3.82369053613243,-1.34541506993713,-38.5909074419209,1
0.255,0.12,4.11260347559402,-1.2020174410869,-24.0212595318269,1
0.258,0.12,4.38178692496329,-1.05818157855146,-12.2031707806785,1
0.261,0.12,4.63040436417737,-0.916049541159236,-2.64224511131162,1
0.264,0.12,4.85813817718881,-0.776766618278483,5.08231293257485,1
0.267,0.12,5.06509842282308,-0.640926148515774,11.3342267279175,1
0.27,0.12,5.25174341328594,-0.508858836964212,16.4326995203266,1
0.273,0.12,5.4188267627088,-0.380830616737076,20.6626005761926,1
0.276,0.12,5.56737402010703,-0.257189330211227,24.2832878516523,1
0.279,0.12,5.69868831440371,-0.138486375786876,27.5364754649183,1
0.282,0.12,5.81438395783682,-0.0255907855486525,30.6534181036747,1
0.285,0.12,5.91644773520621,0.0801916708354188,33.8615563533099,1
0.288,0.12,6.00732841689626,0.176984178239257,37.3902312510494,1
0.291,0.12,6.09005277772205,0.262180129462831,41.4713297946636,1
0.294,0.12,6.16834071919768,0.332252333871105,46.3036572093304,1
0.297,0.12,6.24649582168362,0.382537815637183,51.7537299236002,1
0.3,0.12,6.32741411750291,0.407126860333157,55.1447114465445,4
0.0,0.122,6.0,1.0,1306.75940268715,3
0.003,0.122,6.01360988509245,0.756173424088637,1311.18719349977,1
0.006,0.122,6.04540297429852,0.526812228014366,1317.14808136306,1
0.009,0.122,6.09515265924606,0.313298546420972,1322.62728123163,1
0.012,0.122,6.16076686676006,0.116704312985429,1327.32051640828,1
0.015,0.122,6.2398057202828,-0.0622519443422772,1331.17937439475,1
0.018,0.122,6.32976096383327,-0.223210905682119,1334.20225560766,1
0.021,0.122,6.42815334376953,-0.366159106378757,1336.40371897536,1
0.024,0.122,6.53259676063596,-0.491401184799165,1337.8091069541,1
0.027,0.122,6.64084859318213,-0.599521171704226,1338.45255969261,1
0.03,0.122,6.75084792367135,-0.691336361748498,1338.37537234491,1
0.033,0.122,6.86074171329235,-0.767847287330093,1337.62435066122,1
0.036,0.122,6.96889945942153,-0.830187016199636,1336.25019600141,1
0.039,0.122,7.07391747725825,-0.879572478069865,1334.30598856054,1
0.042,0.122,7.17461437904749,-0.917259887782082,1331.84582488574,1
0.045,0.122,7.27001954262819,-0.944505663908561,1328.92364628833,1
0.048,0.122,7.35935639350282,-0.962533613610737,1325.5922763268,1
0.051,0.122,7.44202221462675,-0.972508615202349,1321.90267016103,1
0.054,0.122,7.51756599305683,-0.975516604352494,1317.90336685739,1
0.057,0.122,7.5856655561488,-0.972550364278238,1313.64012764334,1
0.06,0.122,7.64610497795273,-0.96450042683628,1309.15573829366,1
0.063,0.122,7.69875297513783,-0.952150293830736,1304.489951721,1
0.066,0.122,7.7435427782144,-0.936175165900285,1299.67954681736,1
0.069,0.122,7.78045376708198,-0.917143399379687,1294.75848105343,1
0.072,0.122,7.80949500294301,-0.89551998072735,1289.75811676406,1
0.075,0.122,7.83069067003647,-0.871671397717617,1284.70750400556,1
0.078,0.122,7.84406735651764,-0.845871384361261,1279.63370604204,1
0.081,0.122,7.8496430489173,-0.818307113587686,1274.56215667885,1
0.084,0.122,7.84741768341972,-0.789085502230989,1269.51704166785,1
0.087,0.122,7.83736508449598,-0.758239373378332,1264.52169918836,1
0.09,0.122,7.81942612270166,-0.725733290101418,1259.59903693369,1
0.093,0.122,7.793502935065,-0.691468931799113,1254.77196562059,1
0.096,0.122,7.75945407076126,-0.655289930578032,1250.06385082727,1
0.099,0.122,7.71709044993778,-0.616986121682807,1245.49898701059,1
0.102,0.122,7.66617205378561,-0.576297190818831,1241.10309942176,1
0.105,0.122,7.60640529931858,-0.532915724549286,1236.90388150148,1
0.108,0.122,7.5374410938371,-0.486489690523566,1232.93157725915,1
0.111,0.122,7.45887361379705,-0.436624395514692,1229.21962018539,1
0.114,0.122,7.37023991410246,-0.382883995609162,1225.80534245183,1
0.117,0.122,7.27102055160491,-0.324792670689022,1222.73077051781,1
0.12,0.122,7.16064150776715,-0.261835633765354,1220.04352571904,1
0.123,0.122,7.03847782962972,-0.193460238665336,1217.79785076455,1
0.126,0.122,6.903859588379,-0.1190775985288,1216.055784902,1
0.129,0.122,6.75608099801484,-0.038065366221146,1214.88851105364,1
0.132,0.122,6.59441386432626,0.0502272906117829,1214.37789609211,1
0.135,0.122,6.41812697148913,0.146470877910177,1214.61823826696,1
0.138,0.122,6.22651358405225,0.251340313643071,1215.71821973436,1
0.141,0.122,6.01892995680711,0.365489056137241,1217.80303112376,1
0.144,0.122,5.79484857323612,0.489506004192267,1221.01657981813,1
0.147,0.122,5.55393063981259,0.623844666609988,1225.52360256848,1
0.15,0.122,5.29612278114454,0.768708003535495,1231.5113567215,1
0.153,0.122,5.02178207331918,0.923862981889684,1239.19037564098,1
0.156,0.122,4.73182979055494,1.08834461060559,1248.79341508525,1
0.159,0.122,4.42792448682138,1.25998942827654,1260.57187829867,1
0.162,0.122,4.11262408354787,1.43470662935641,1274.786168804,1
0.165,0.122,3.78947221283827,1.60537098628588,1291.69799018207,1
0.168,0.122,3.46288668673858,1.76008122012105,1311.49962316393,1
0.171,0.122,3.13772625737775,1.87970760631805,1334.42455185519,1
0.174,0.122,2.81824513875329,1.93229101530688,1359.21721089935,1
0.177,0.122,2.50644314848606,1.8673721075386,1385.9232972759,1
0.18,0.122,2.18828759050034,1.55973289946773,1368.47675872113,1
0.183,0.122,1.79914566211164,0.739270395856293,1080.43841723407,1
0.186,0.122,1.34349235625463,0.212017708437388,827.61885097831,1
0.189,0.122,1.13038282652673,0.0964893070678305,718.881142300896,1
0.192,0.122,1.01492894618014,0.0481348385444354,687.824469744304,1
0.195,0.122,0.950555701522894,0.026811993035391,665.46136161377,1
0.198,0.122,0.912637651601428,0.0153766652357918,646.296896056789,1
0.201,0.122,0.890878099596232,0.0082816526706998,627.135613326601,1
0.204,0.122,0.880317497996287,0.0030553842757449,607.724831867095,1
0.207,0.122,0.878934715898471,-0.0015915771992717,588.176808140044,1
0.21,0.122,0.886590715255083,-0.0066576699085136,568.76597470562,1
0.213,0.122,0.905003784737072,-0.0133976713197777,549.662192972101,1
0.216,0.122,0.938740192858589,-0.0241939763656388,530.752247318417,1
0.219,0.122,0.997523957679981,-0.0443871724377621,509.206631960914,1
0.222,0.122,1.10494612981165,-0.0906232754858161,480.175125981746,1
0.225,0.122,1.30608929251473,-0.201750612191078,378.153625713271,1
0.228,0.122,1.74373169554798,-0.716588829381558,139.425623669317,1
0.231,0.122,2.11446808632382,-1.53907608647334,-135.761338652706,1
0.234,0.122,2.40652311443474,-1.88326959618784,-150.69062658803,1
0.237,0.122,2.683516710467,-1.99782678547085,-123.349064981006,1
0.24,0.122,2.96123252038891,-1.99736704794547,-98.2390591196196,1
0.243,0.122,3.23979042292306,-1.92682650682802,-75.2206354801112,1
0.246,0.122,3.51672067069462,-1.81498015395845,-55.460065117142,1
0.249,0.122,3.78849864445829,-1.67928753411676,-38.6718241536001,1
0.252,0.122,4.05159816527408,-1.53090622346091,-24.6080322140271,1
0.255,0.122,4.30298970015455,-1.37679138761168,-12.9513180278063,1
0.258,0.122,4.54034127903371,-1.22120902352545,-3.38530699515116,1
0.261,0.122,4.76202282828904,-1.06670905679247,4.39748601145951,1
0.264,0.122,4.96702601131059,-0.914784699184529,10.6866248713053,1
0.267,0.122,5.15486224365775,-0.766314403484486,15.7512297368208,1
0.27,0.122,5.3254715131788,-0.621864967612257,19.8402942796414,1
0.273,0.122,5.47915538529894,-0.48190798417861,23.1850504330433,1
0.276,0.122,5.61653824027954,-0.346985906048452,26.0024867894183,1
0.279,0.122,5.73855695121465,-0.217852530293418,28.4995159052494,1
0.282,0.122,5.84647824748344,-0.095605449918972,30.8774847863913,1
0.285,0.122,5.94194332251438,0.0181763081549992,33.3368199752765,1
0.288,0.122,6.02703974396277,0.121278449655465,36.0812610811012,1
0.291,0.122,6.1043987006683,0.210671272439923,39.3180412207536,1
0.294,0.122,6.17729376650091,0.282294977365465,43.2275177127333,1
0.297,0.122,6.24955089032729,0.330819585610454,47.7096641282359,1
0.3,0.122,6.32386303055986,0.349525674526351,50.5096754277356,4
0.0,0.124,6.0,1.0,1310.84849083552,3
0.003,0.124,6.01396143990004,0.741654293764154,1315.38416394012,1
0.006,0.124,6.0465222312425,0.499209336512498,1321.47288616986,1
0.009,0.124,6.09737494588059,0.274190084327852,1327.04483816246,1
0.012,0.124,6.1642919942901,0.0677643564917907,1331.78744065959,1
0.015,0.124,6.24469043738085,-0.119304310296767,1335.65199319811,1
0.018,0.124,6.33592528581449,-0.286660996215233,1338.63888468931,1
0.021,0.124,6.43539482931786,-0.434341523614842,1340.76592629288,1
0.024,0.124,6.540610378336,-0.562738046023401,1342.06261009332,1
0.027,0.124,6.64925015013363,-0.672552336814824,1342.56783374151,1
0.03,0.124,6.75919908897784,-0.764741090959156,1342.3279830109,1
0.033,0.124,6.86857485449148,-0.840457451023604,1341.39503496477,1
0.036,0.124,6.97574082484927,-0.900992530914627,1339.82472543618,1
0.039,0.124,7.07930764676849,-0.947720026696887,1337.67485768225,1
0.042,0.124,7.17812531158194,-0.982046196709995,1335.0038111097,1
0.045,0.124,7.2712679254324,-1.00536667453401,1331.86928512891,1
0.048,0.124,7.35801331354961,-1.01903083209394,1328.32729166748,1
0.051,0.124,7.43781941277543,-1.02431378886033,1324.43139265857,1
0.054,0.124,7.51029912328973,-1.02239569024779,1320.23216633683,1
0.057,0.124,7.57519496274358,-1.01434755457261,1315.77687815439,1
0.06,0.124,7.63235453496044,-1.00112279833918,1311.10932793172,1
0.063,0.124,7.68170751953564,-0.983553470552907,1306.26984368475,1
0.066,0.124,7.72324462490054,-0.962350231528683,1301.29539360863,1
0.069,0.124,7.75699873310927,-0.938105174534014,1296.21979021092,1
0.072,0.124,7.78302830025494,-0.911296687144995,1291.0739639593,1
0.075,0.124,7.80140295808746,-0.882295665396049,1285.88628756422,1
0.078,0.124,7.81219118374088,-0.851372514261347,1280.68293581227,1
0.081,0.124,7.81544985825373,-0.818704483516142,1275.48826947393,1
0.084,0.124,7.81121551370874,-0.784382992910875,1270.32523509827,1
0.087,0.124,7.79949706703388,-0.748420691924515,1265.21577541387,1
0.09,0.124,7.78026985060172,-0.710758076246699,1260.18124757069,1
0.093,0.124,7.75347077175055,-0.671269546082148,1255.24284860335,1
0.096,0.124,7.71899446243674,-0.629768841825748,1250.42204931212,1
0.099,0.124,7.67669031474651,-0.586013832688211,1245.74103929276,1
0.102,0.124,7.62636033732535,-0.539710665962906,1241.22318714117,1
0.105,0.124,7.56775781230724,-0.490517311714669,1236.89352094551,1
0.108,0.124,7.50058678342597,-0.438046563144745,1232.7792350604,1
0.111,0.124,7.42450246613746,-0.381868580917142,1228.91022979951,1
0.114,0.124,7.33911274348784,-0.32151310574446,1225.31969098281,1
0.117,0.124,7.24398100235285,-0.256471514968183,1222.04471602992,1
0.12,0.124,7.13863068064178,-0.186198976393284,1219.12699213227,1
0.123,0.124,7.02255204648983,-0.110117071995564,1216.61352933537,1
0.126,0.124,6.89521192745057,-0.027617449011734,1214.55744606319,1
0.129,0.124,6.75606736622341,0.0619326575787828,1213.01879498724,1
0.132,0.124,6.60458451684779,0.15918174385047,1212.06540035153,1
0.135,0.124,6.44026452903462,0.264780224937516,1211.77364931171,1
0.138,0.124,6.26267871009578,0.379358464906604,1212.22913207888,1
0.141,0.124,6.07151589653497,0.503491999956962,1213.5269465553,1
0.144,0.124,5.8666456575855,0.637646829021695,1215.77135301082,1
0.147,0.124,5.64820154148484,0.782093890227292,1219.07424975507,1
0.15,0.124,5.41668872896369,0.936776230673068,1223.55158680029,1
0.153,0.124,5.17311954509397,1.10110412250172,1229.31622185509,1
0.156,0.124,4.91917722393499,1.27364169046798,1236.46468785182,1
0.159,0.124,4.65740191616717,1.45163184042893,1245.05302831535,1
0.162,0.124,4.39138202246363,1.63028487861763,1255.05334075367,1
0.165,0.124,4.12592600097515,1.8017131431707,1266.26578942114,1
0.168,0.124,3.86718187836447,1.9533431966698,1278.15245226089,1
0.171,0.124,3.62282573532676,2.06531228064973,1289.3328414926,1
0.174,0.124,3.40205386041881,2.10581273268652,1296.49399353433,1
0.177,0.124,3.21807217812549,2.0211109777878,1289.08624579236,1
0.18,0.124,3.07110866733624,1.68912308233999,1218.06114456504,1
0.183,0.124,2.83445223820717,1.0554138760605,1031.25858522626,1
0.186,0.124,2.48255451414625,0.51242909466519,854.527397460635,1
0.189,0.124,2.17512997389954,0.246022174824958,758.20743867904,1
0.192,0.124,1.98427595373828,0.134702141237594,710.107351515859,1
0.195,0.124,1.86661094295711,0.0777739869236701,679.91229822008,1
0.198,0.124,1.79450664915133,0.0457262523354269,654.946923247016,1
0.201,0.124,1.75206265585343,0.0249175838277835,631.927159908718,1
0.204,0.124,1.73124124055644,0.0092403426449208,609.494330875153,1
0.207,0.124,1.72851792585765,-0.0048259584650347,587.213825862415,1
0.21,0.124,1.74365587864426,-0.0200628351060851,564.8410811446,1
0.213,0.124,1.77967429670782,-0.0399097538591348,542.003168318234,1
0.216,0.124,1.84400746217352,-0.0702758514175381,517.498724495821,1
0.219,0.124,1.95177108115804,-0.124376587767563,488.360409660606,1
0.222,0.124,2.12962269932178,-0.230899686377488,442.696238789322,1
0.225,0.124,2.42053090565714,-0.488502762257714,351.795256125872,1
0.228,0.124,2.75626447353561,-1.02084077532764,184.479432527152,1
0.231,0.124,2.97916924846363,-1.65818424030503,7.10087003292075,1
0.234,0.124,3.10817938426247,-2.01930970818348,-58.9845428343709,1
0.237,0.124,3.26464685098654,-2.14788093238234,-64.0490813611347,1
0.24,0.124,3.45005727303301,-2.1553012328916,-55.5210624941897,1
0.243,0.124,3.65338163954644,-2.08954637766346,-43.5254262746853,1
0.246,0.124,3.8672273951171,-1.97897216056288,-31.1822025470195,1
0.249,0.124,4.08531787618952,-1.84147337153407,-19.7471141115877,1
0.252,0.124,4.30249703916988,-1.68861351105682,-9.66252924459781,1
0.255,0.124,4.5145945064123,-1.52789140015664,-1.04706646824449,1
0.258,0.124,4.71837713532044,-1.36410959399855,6.14363986442226,1
0.261,0.124,4.91145389533179,-1.20030351920359,12.0320465947076,1
0.264,0.124,5.0921571929062,-1.03837778724564,16.7775287641147,1
0.267,0.124,5.25942248832864,-0.879550928927791,20.5542587813925,1
0.27,0.124,5.41268372591839,-0.724671906270136,23.5399418766903,1
0.273,0.124,5.5517932021096,-0.574454487700848,25.9106365064029,1
0.276,0.124,5.67696889191438,-0.429662143142069,27.8391791978145,1
0.279,0.124,5.7887694211949,-0.291267022819664,29.4957637355738,1
0.282,0.124,5.88809595367045,-0.160600415833846,31.049829788681,1
0.285,0.124,5.97622034069534,-0.0395082949510557,32.6727204346998,1
0.288,0.124,6.05483915430747,0.069476442150527,34.5404337153179,1
0.291,0.124,6.12615150686834,0.16293427989479,36.8334101685121,1
0.294,0.124,6.19294099941776,0.236323300151824,39.7121295946103,1
0.297,0.124,6.25850889283149,0.283718008187929,43.114628372306,1
0.3,0.124,6.32533115419812,0.297684523460213,45.2571329045729,4
0.0,0.126,6.0,1.0,1315.29360715314,3
0.003,0.126,6.0143520204319,0.726756087061633,1319.94874832406,1
0.006,0.126,6.04776263408429,0.47093830989151,1326.17794924164,1
0.009,0.126,6.09983053055549,0.234224066258798,1331.8501392925,1
0.012,0.126,6.16817364651375,0.0178806225384098,1336.64360050562,1
0.015,0.126,6.2500470453058,-0.177286145917255,1340.50951185181,1
0.018,0.126,6.34265213035671,-0.350934010097983,1343.45074807065,1
0.021,0.126,6.44325109159967,-0.503160903716708,1345.48905516954,1
0.024,0.126,6.54924291600372,-0.634462490254208,1346.65887024098,1
0.027,0.126,6.65822107642781,-0.745675998898692,1347.0046954618,1
0.03,0.126,6.76801480102389,-0.837915579919833,1346.57885201887,1
0.033,0.126,6.87671442624527,-0.912504205729819,1345.43928667901,1
0.036,0.126,6.98268209719975,-0.970906518660992,1343.647489008,1
0.039,0.126,7.08454983969969,-1.01466612673962,1341.26660439601,1
0.042,0.126,7.18120747930851,-1.04534983270431,1338.35980358369,1
0.045,0.126,7.27178302045371,-1.06450028514671,1334.9889403988,1
0.048,0.126,7.35561798612933,-1.07359766084575,1331.21350444537,1
0.051,0.126,7.43223993465647,-1.07403027949848,1327.08985642891,1
0.054,0.126,7.50133399020963,-1.06707353531136,1322.67072078117,1
0.057,0.126,7.56271481154739,-1.0538761964908,1318.00490263488,1
0.06,0.126,7.61630002523251,-1.03545294872797,1313.13719300481,1
0.063,0.126,7.66208579555606,-1.01268200929094,1308.10842616322,1
0.066,0.126,7.70012490898968,-0.986306679833722,1302.95565561803,1
0.069,0.126,7.73050752087632,-0.956939806955499,1297.71241892018,1
0.072,0.126,7.75334454334114,-0.925070253637306,1292.40906603532,1
0.075,0.126,7.76875353877311,-0.891070631789774,1287.07313069436,1
0.078,0.126,7.7768469134272,-0.855205691984482,1281.72972863204,1
0.081,0.126,7.77772217117433,-0.817640901819925,1276.40197071654,1
0.084,0.126,7.77145397941244,-0.778450864158208,1271.11138255188,1
0.087,0.126,7.75808781022172,-0.737627328558897,1265.8783251624,1
0.09,0.126,7.73763494414459,-0.695086633654439,1260.72241385248,1
0.093,0.126,7.71006865720642,-0.650676486380557,1255.66293431407,1
0.096,0.126,7.67532145113072,-0.604182038192789,1250.71925657353,1
0.099,0.126,7.63328323060501,-0.555331261502585,1245.91124847107,1
0.102,0.126,7.5838003795389,-0.503799664761169,1241.25969107434,1
0.105,0.126,7.52667574119412,-0.449214415480698,1236.7866987369,1
0.108,0.126,7.46166956654087,-0.391157971099015,1232.51614637095,1
0.111,0.126,7.38850156393635,-0.329171352890772,1228.47410579089,1
0.114,0.126,7.30685426511309,-0.262757244397143,1224.68929147701,1
0.117,0.126,7.21637802272403,-0.191383161574374,1221.19351342755,1
0.12,0.126,7.11669808008878,-0.114485038965985,1218.02213029546,1
0.123,0.126,7.00742431285476,-0.0314717218869439,1215.21448875425,1
0.126,0.126,6.88816444538645,0.0582689258867785,1212.8143234354,1
0.129,0.126,6.75854180366093,0.155361258745863,1210.87007333971,1
0.132,0.126,6.61821899330684,0.26042889272288,1209.4350413948,1
0.135,0.126,6.466929295239,0.37407527240716,1208.56727749796,1
0.138,0.126,6.3045180514903,0.4968543627909,1208.32899177463,1
0.141,0.126,6.13099684703487,0.629226408714278,1208.78518724775,1
0.144,0.126,5.9466138107634,0.771491254172039,1210.00101171922,1
0.147,0.126,5.75194370845796,0.923688131805285,1212.03701900417,1
0.15,0.126,5.54800140032736,1.08544566473794,1214.94100997897,1
0.153,0.126,5.33638121922901,1.25575850499091,1218.73422273896,1
0.156,0.126,5.11942233535299,1.43265673774475,1223.38796595117,1
0.159,0.126,4.90039562286225,1.61271984891904,1228.78356501083,1
0.162,0.126,4.68370246610718,1.79036455753088,1234.64115704597,1
0.165,0.126,4.47506943213198,1.95679725073865,1240.38749683838,1
0.168,0.126,4.28174030537436,2.09842927218979,1244.88685240048,1
0.171,0.126,4.11258164747901,2.19427906760054,1245.84971783133,1
0.174,0.126,3.97802890406809,2.2116081566444,1238.40970610091,1
0.177,0.126,3.88661510616515,2.09467469136473,1210.34643973568,1
0.18,0.126,3.8080325988967,1.76802949181421,1135.57401926504,1
0.183,0.126,3.65036472823348,1.24723739180783,1004.38873922909,1
0.186,0.126,3.38309914731784,0.749596405775465,874.737168616573,1
0.189,0.126,3.0994165792029,0.425180556180868,786.839613840408,1
0.192,0.126,2.87929598555153,0.248460748588595,732.447978570119,1
0.195,0.126,2.73015643067186,0.1504540707422,694.707465097477,1
0.198,0.126,2.6332258649355,0.0906210260014224,664.368466348399,1
0.201,0.126,2.57438042931789,0.0500838052439706,637.241953594919,1
0.204,0.126,2.54500677826985,0.0186936614009187,611.494223772688,1
0.207,0.126,2.54108645966641,-0.0097408803124046,586.153465677845,1
0.21,0.126,2.56233641021445,-0.040328682857762,560.519950455153,1
0.213,0.126,2.61219127418113,-0.0791444713674851,533.685052443699,1
0.216,0.126,2.69863754021298,-0.136066293680169,503.963544787404,1
0.219,0.126,2.8351652645349,-0.229486354892762,467.461592448893,1
0.222,0.126,3.04019954625146,-0.399143122570724,415.49515502124,1
0.225,0.126,3.3075827495779,-0.713809365280766,332.100456475725,1
0.228,0.126,3.56055488377801,-1.20340602383066,209.306470333396,1
0.231,0.126,3.70653648071875,-1.72885261222748,85.3302676341777,1
0.234,0.126,3.77080562167486,-2.07956413409162,15.7433742762117,1
0.237,0.126,3.84036843151927,-2.23442258749312,-9.02999641941393,1
0.24,0.126,3.9452672454667,-2.26044414599925,-14.3354879302098,1
0.243,0.126,4.07866928406569,-2.20748455643513,-11.9794266136047,1
0.246,0.126,4.23180703054437,-2.10463846626364,-6.59540272875376,1
0.249,0.126,4.39719340721031,-1.97066716233267,-0.31581847329284,1
0.252,0.126,4.56862657769061,-1.817909495612,5.84326795805307,1
0.255,0.126,4.74110466370492,-1.65456486177129,11.4063679098008,1
0.258,0.126,4.91068387171032,-1.48606843125383,16.1771077287918,1
0.261,0.126,5.07434433430447,-1.31600402309302,20.1104308089762,1
0.264,0.126,5.22985283866813,-1.14673847380096,23.2445105606617,1
0.267,0.126,5.37563406949988,-0.979873539855564,25.6632527840007,1
0.27,0.126,5.51065917217905,-0.816576599287361,27.4752121070704,1
0.273,0.126,5.63435745271509,-0.657832187080426,28.8019255335273,1
0.276,0.126,5.74655356696625,-0.50464484099094,29.7718354572199,1
0.279,0.126,5.84743051539181,-0.358215762217409,30.5176287485594,1
0.282,0.126,5.93751787337549,-0.220110455736027,31.1757039024254,1
0.285,0.126,6.01770454622208,-0.092431147874725,31.8869545187625,1
0.288,0.126,6.089275382121,0.0219940314857797,32.7981092086071,1
0.291,0.126,6.1539696004142,0.119393948807561,34.0612412308936,1
0.294,0.126,6.21404611168993,0.194800661690944,35.8159814396028,1
0.297,0.126,6.27224370344711,0.241771177025918,38.0426518765211,1
0.3,0.126,6.33081237771992,0.252259906710538,39.4706139401086,4
0.0,0.128,6.0,1.0,1320.11517581023,3
0.003,0.128,6.01478514682747,0.711437821586236,1324.90235731018,1
0.006,0.128,6.04913457731956,0.441930024265373,1331.28557726568,1
0.009,0.128,6.10253812738505,0.193317178466852,1337.06571073787,1
0.012,0.128,6.17243788838104,-0.0330304747806659,1341.91100830486,1
0.015,0.128,6.25590577655862,-0.236268529190105,1345.77275863743,1
0.018,0.128,6.34997100007396,-0.416077779501241,1348.65693059377,1
0.021,0.128,6.45174494860938,-0.572633755090963,1350.59002371705,1
0.024,0.128,6.55850419756834,-0.706554582658994,1351.61236089647,1
0.027,0.128,6.66775219111226,-0.818833614169988,1351.77503748318,1
0.03,0.128,6.7772616949001,-0.910763208443098,1351.13728257021,1
0.033,0.128,6.88509890393115,-0.983855652804552,1349.76391806499,1
0.036,0.128,6.9896310177963,-1.03976633440759,1347.72298954704,1
0.039,0.128,7.08951992723961,-1.08022309551244,1345.08366211296,1
0.042,0.128,7.18370508969306,-1.10696443466536,1341.91444197664,1
0.045,0.128,7.27137872884088,-1.12168801053002,1338.28174962928,1
0.048,0.128,7.35195626527255,-1.12600987670125,1334.2488416776,1
0.051,0.128,7.42504447542277,-1.12143407955841,1329.87505771123,1
0.054,0.128,7.49040937834054,-1.10933169793301,1325.21535537565,1
0.057,0.128,7.54794533871747,-1.09092807279029,1320.32009011916,1
0.06,0.128,7.59764640152376,-1.06729682920816,1315.2349944041,1
0.063,0.128,7.63958046868368,-1.03935928689024,1310.00131307153,1
0.066,0.128,7.67386660427763,-1.00788794555833,1304.6560557321,1
0.069,0.128,7.70065551214004,-0.973512879856395,1299.2323324688,1
0.072,0.128,7.720113060962,-0.936730054719718,1293.7597449859,1
0.075,0.128,7.73240662561327,-0.897910754499557,1288.26481107032,1
0.078,0.128,7.73769395663647,-0.857311492787135,1282.77140549684,1
0.081,0.128,7.7361142705681,-0.815083926157031,1277.30120511542,1
0.084,0.128,7.72778126132783,-0.771284429814821,1271.87412972837,1
0.087,0.128,7.71277775883959,-0.725883105485976,1266.50877349433,1
0.09,0.128,7.69115179885382,-0.678772083056763,1261.22282402382,1
0.093,0.128,7.66291391312668,-0.62977305001588,1256.03346811715,1
0.096,0.128,7.62803549888415,-0.578643999931139,1250.95778429546,1
0.099,0.128,7.58644817950928,-0.525085236715995,1246.01312293292,1
0.102,0.128,7.53804412451653,-0.468744709248345,1241.2174749217,1
0.105,0.128,7.4826773570542,-0.409222785249093,1236.58982935902,1
0.108,0.128,7.42016614330468,-0.346076608955232,1232.15051963765,1
0.111,0.128,7.35029663307098,-0.27882422963781,1227.92155535982,1
0.114,0.128,7.2728280083587,-0.206948744462755,1223.92693435765,1
0.117,0.128,7.187499501738,-0.129902778901487,1220.19292427738,1
0.12,0.128,7.09403977465079,-0.0471137437157738,1216.74829586422,1
0.123,0.128,6.99217930461534,0.0420095223947477,1213.62447902205,1
0.126,0.128,6.88166662720417,0.138067865116166,1210.85559599291,1
0.129,0.128,6.76228952129217,0.241659454560834,1208.47830061895,1
0.132,0.128,6.63390251976057,0.353362186433568,1206.53131396595,1
0.135,0.128,6.49646247174202,0.473708289864627,1205.05448728412,1
0.138,0.128,6.35007426202887,0.603147441912086,1204.08713167579,1
0.141,0.128,6.1950491672057,0.741993033533084,1203.66521090502,1
0.144,0.128,6.03197860755666,0.890343860301977,1203.81676762548,1
0.147,0.128,5.86182607243574,1.04797014918309,1204.55458838457,1
0.15,0.128,5.68603947103808,1.21414812721061,1205.8645076179,1
0.153,0.128,5.50668466523055,1.38742081435836,1207.68670896912,1
0.156,0.128,5.32659786066587,1.56525369522439,1209.88550604021,1
0.159,0.128,5.14954922110572,1.74354094710696,1212.19950360056,1
0.162,0.128,4.98040068037056,1.91589758330647,1214.15693228625,1
0.165,0.128,4.82522440058627,2.07263719135275,1214.92578362288,1
0.168,0.128,4.69129361634833,2.19925485627909,1213.03701838521,1
0.171,0.128,4.58666059422451,2.2741602440082,1205.84740516908,1
0.174,0.128,4.51830841723623,2.2650216379461,1188.48893964812,1
0.177,0.128,4.48231548202258,2.12645477017873,1151.84395976729,1
0.18,0.128,4.44225000487226,1.81938010203252,1083.49811468468,1
0.183,0.128,4.33375480896099,1.37663835233606,984.597845095639,1
0.186,0.128,4.13463316073826,0.931364562539826,884.259875815812,1
0.189,0.128,3.89783181959683,0.592866714866391,805.895248443443,1
0.192,0.128,3.68724305699672,0.37333464989019,749.763009852099,1
0.195,0.128,3.52828190025117,0.235949019782072,707.584174357233,1
0.198,0.128,3.41857978413531,0.145976036910703,672.980175197413,1
0.201,0.128,3.34946219336619,0.0818925609067039,642.286595156148,1
0.204,0.128,3.31422595495265,0.0308305845082465,613.446629228524,1
0.207,0.128,3.30933310636894,-0.0159252534669456,585.196013504189,1
0.21,0.128,3.33450617971937,-0.0658034650947785,556.511867084841,1
0.213,0.128,3.39273512579011,-0.127395328462436,526.189067313964,1
0.216,0.128,3.49022161418611,-0.213312364165899,492.304775534606,1
0.219,0.128,3.63532652353405,-0.344704182763464,451.437756810567,1
0.222,0.128,3.83074025753115,-0.556076612879691,397.613702163042,1
0.225,0.128,4.05262724949107,-0.885350159758955,323.056401264623,1
0.228,0.128,4.23924153334464,-1.32490487611676,228.055219507731,1
0.231,0.128,4.33737936478428,-1.7729810075455,134.924274457173,1
0.234,0.128,4.36532365647842,-2.1006833720634,71.4262731222436,1
0.237,0.128,4.38340180203478,-2.27206703258266,38.3840316844921,1
0.24,0.128,4.42688974403146,-2.31996914017609,23.602789148432,1
0.243,0.128,4.50056961355999,-2.28439803506413,18.2108431110045,1
0.246,0.128,4.59882175762904,-2.19397514142547,17.536884486308,1
0.249,0.128,4.71486287157036,-2.06789890910144,19.093228522818,1
0.252,0.128,4.84245324258258,-1.91922542177507,21.5361870895115,1
0.255,0.128,4.97629178289636,-1.75686299015897,24.138026611904,1
0.258,0.128,5.11204727849,-1.58689521750946,26.5157026114039,1
0.261,0.128,5.24628165250458,-1.41347418370071,28.4848906398675,1
0.264,0.128,5.37634048613892,-1.23945077723377,29.9783211797944,1
0.267,0.128,5.50023816300977,-1.06683253903203,30.9984898449678,1
0.27,0.128,5.61655242446543,-0.897126165962322,31.5897284416953,1
0.273,0.128,5.7243360929254,-0.731603928028237,31.8216360024023,1
0.276,0.128,5.82304971955217,-0.571522501541251,31.7794116394435,1
0.279,0.128,5.91251648274903,-0.418315690640729,31.5584908046971,1
0.282,0.128,5.99289941598739,-0.273777790792649,31.2619153349133,1
0.285,0.128,6.06470051281286,-0.140251352895367,30.9994421995357,1
0.288,0.128,6.12878099729931,-0.020831460114832,30.8876042466568,1
0.291,0.128,6.18640101143657,0.0804021988416761,31.0490934302646,1
0.294,0.128,6.23926908064485,0.158116790501842,31.6021731876153,1
0.297,0.128,6.28953315873646,0.205435176926051,32.5732415720719,1
0.3,0.128,6.33921315086345,0.213808384276523,33.2396284939017,4
0.0,0.13,6.0,1.0,1325.33647041541,3
0.003,0.13,6.01526486818519,0.695654833116977,1330.26938992607,1
0.006,0.13,6.05064994205449,0.412109703724411,1336.82116295873,1
0.009,0.13,6.10551894397831,0.151380326816694,1342.7171321848,1
0.012,0.13,6.17711390169324,-0.0850566903117259,1347.61456523088,1
0.015,0.13,6.26229986518822,-0.296323662719811,1351.46517345492,1
0.018,0.13,6.35791332429029,-0.482137233656291,1354.27876787393,1
0.021,0.13,6.46089904433963,-0.642769187540795,1356.08758847267,1
0.024,0.13,6.56840082586006,-0.778982530912355,1356.9389615606,1
0.027,0.13,6.67782729359315,-0.891950792295861,1356.89173360526,1
0.03,0.13,6.78689510390591,-0.983168311732181,1356.01316381205,1
0.033,0.13,6.89365099100889,-1.05435863426816,1354.37597728218,1
0.036,0.13,6.99647518148558,-1.10738690935739,1352.05567016286,1
0.039,0.13,7.09406959676349,-1.14418067220348,1349.128167032,1
0.042,0.13,7.18543464813671,-1.16666179820158,1345.66788864956,1
0.045,0.13,7.26983836592452,-1.17669097368117,1341.74624641631,1
0.048,0.13,7.3467812213079,-1.1760248357237,1337.43054733501,1
0.051,0.13,7.41595943040946,-1.16628505167396,1332.78327112969,1
0.054,0.13,7.47722889035803,-1.14893803191763,1327.86166845168,1
0.057,0.13,7.53057127218589,-1.12528365956261,1322.71762399011,1
0.06,0.13,7.57606324052218,-1.09645132250347,1317.39772880752,1
0.063,0.13,7.6138493134732,-1.06340158773223,1311.94351045992,1
0.066,0.13,7.64411852572635,-1.02693201033898,1306.39177585539,1
0.069,0.13,7.66708480805216,-0.987685775587065,1300.77502913869,1
0.072,0.13,7.68297083356364,-0.946162097923367,1295.12193429148,1
0.075,0.13,7.69199498869179,-0.902727522457137,1289.45779904807,1
0.078,0.13,7.69436108810835,-0.857627477857963,1283.80506282003,1
0.081,0.13,7.69025045275055,-0.810997607237473,1278.1837764559,1
0.084,0.13,7.67981599625116,-0.762874552808331,1272.61206580619,1
0.087,0.13,7.66317800785408,-0.71320599168984,1267.1065742646,1
0.09,0.13,7.64042137238393,-0.661859816910123,1261.68288179367,1
0.093,0.13,7.61159402545932,-0.608632433309362,1256.35589950477,1
0.096,0.13,7.57670650225391,-0.553256197067881,1251.14023972293,1
0.099,0.13,7.53573249963903,-0.495406074563125,1246.05056167404,1
0.102,0.13,7.48861043465386,-0.434705635903844,1241.10189248862,1
0.105,0.13,7.43524604812142,-0.370732535691218,1236.3099220686,1
0.108,0.13,7.37551617289161,-0.303023673641769,1231.69126837978,1
0.111,0.13,7.30927386443471,-0.231080276844311,1227.26370667303,1
0.114,0.13,7.23635518082529,-0.154373211221506,1223.04635161324,1
0.117,0.13,7.15658800368609,-0.0723489221182179,1219.05977470202,1
0.12,0.13,7.06980341605561,0.0155634638071402,1215.32602979598,1
0.123,0.13,6.97585030223362,0.10994315262793,1211.86854555535,1
0.126,0.13,6.87461401272656,0.211365815727094,1208.7118232015,1
0.129,0.13,6.76604014671089,0.320387448766487,1205.88084782402,1
0.132,0.13,6.65016474238756,0.437521999792932,1203.40007677597,1
0.135,0.13,6.52715241982301,0.563210004218606,1201.2918018883,1
0.138,0.13,6.39734426057753,0.697774324859534,1199.57358148967,1
0.141,0.13,6.26131737035611,0.841357495020541,1198.25428459872,1
0.144,0.13,6.11995803730168,0.99383293831517,1197.32805204942,1
0.147,0.13,5.9745499633246,1.15467928528115,1196.76510488008,1
0.15,0.13,5.82687786552809,1.32280287017756,1196.49772616148,1
0.153,0.13,5.67934425009292,1.49628795184572,1196.39873944119,1
0.156,0.13,5.53509239221153,1.67204679839835,1196.24808809431,1
0.159,0.13,5.39811955470291,1.84533169046564,1195.68011030657,1
0.162,0.13,5.27334657559675,2.00905704206972,1194.09868365158,1
0.165,0.13,5.16656922748101,2.15285976816074,1190.5385129068,1
0.168,0.13,5.0841043741395,2.26182019687938,1183.43497498371,1
0.171,0.13,5.03165376202669,2.31480941949633,1170.26191497224,1
0.174,0.13,5.01077159530321,2.28319408916464,1146.99923578468,1
0.177,0.13,5.01021099425154,2.13435967651562,1107.71961742021,1
0.18,0.13,4.99633954961927,1.85104252136078,1046.90999810327,1
0.183,0.13,4.9245121548996,1.46659727754621,967.886303952931,1
0.186,0.13,4.77898422796848,1.068677595953,886.579080578977,1
0.189,0.13,4.59090189967544,0.736135375455164,817.008960377898,1
0.192,0.13,4.40669180417849,0.49329221133098,761.881297713197,1
0.195,0.13,4.2550028674593,0.324865183050667,717.604148161768,1
0.198,0.13,4.1436754108666,0.206263278473039,680.160310760102,1
0.201,0.13,4.0708069111692,0.117554412819825,646.674296342723,1
0.204,0.13,4.0327530891414,0.0447027256515502,615.225572351442,1
0.207,0.13,4.02716375661255,-0.0227450469953138,584.452630446358,1
0.21,0.13,4.05380857879353,-0.0940721720767165,553.189307021813,1
0.213,0.13,4.11460931580831,-0.179636751554425,520.127026617047,1
0.216,0.13,4.21290632953487,-0.293312202335525,483.460389549903,1
0.219,0.13,4.35061340637771,-0.454923032455388,440.509006861324,1
0.222,0.13,4.52053253715206,-0.689421069118422,387.542722984855,1
0.225,0.13,4.69540554194068,-1.01384944304333,321.256774750333,1
0.228,0.13,4.83006607054182,-1.40796048820566,244.310043364864,1
0.231,0.13,4.89271530832891,-1.79819520012071,170.072046227247,1
0.234,0.13,4.8961069790397,-2.09968494441489,113.642183761035,1
0.237,0.13,4.88167589927169,-2.27716015518777,77.9439717288449,1
0.24,0.13,4.88160820713752,-2.34328374463372,57.4384457239125,1
0.243,0.13,4.9073785422963,-2.32604825697613,46.2979360483764,1
0.246,0.13,4.95839928656807,-2.25051926053534,40.633160067398,1
0.249,0.13,5.03006001818046,-2.13535592766357,38.0474562025817,1
0.252,0.13,5.11701738986971,-1.99388547719082,37.0925257826587,1
0.255,0.13,5.21425490069179,-1.83553856220007,36.9045899186977,1
0.258,0.13,5.31742701305182,-1.66695983357,36.9756242778932,1
0.261,0.13,5.42292851591451,-1.49282884840297,37.0166292693389,1
0.264,0.13,5.52785844141189,-1.31646391534366,36.8748874818448,1
0.267,0.13,5.62994473733273,-1.1402744318153,36.4833191673808,1
0.27,0.13,5.72745981321109,-0.966108228712642,35.829074345764,1
0.273,0.13,5.81914186854574,-0.795528062385396,34.9339445718746,1
0.276,0.13,5.90412945107368,-0.630042960849342,33.8422008269887,1
0.279,0.13,5.98191274286343,-0.471314359756237,32.6131883827967,1
0.282,0.13,6.05230292746721,-0.321353000362719,31.3170108784905,1
0.285,0.13,6.11541984133572,-0.182719984270052,30.0322279500547,1
0.288,0.13,6.17169744148208,-0.0587439216211682,28.8448183087394,1
0.291,0.13,6.22190590381079,0.0462347079551717,27.8476156992267,1
0.294,0.13,6.26718650557194,0.126583706080349,27.1374281301082,1
0.297,0.13,6.30907729118297,0.175079242085401,26.7900404177576,1
0.3,0.13,6.34936847466614,0.182780916857946,26.6581024901807,4
0.0,0.132,6.0,1.0,1330.98398882288,3
0.003,0.132,6.01579585506229,0.679358233134573,1336.07763098035,1
0.006,0.132,6.05232234256065,0.381396167097085,1342.81359292855,1
0.009,0.132,6.10879706237875,0.108318015716434,1348.83342782824,1
0.012,0.132,6.18223439783488,-0.138290138535776,1353.78240948909,1
0.015,0.132,6.26926583219914,-0.357524424748351,1357.61309376279,1
0.018,0.132,6.36651243861177,-0.549153213611194,1360.34005830724,1
0.021,0.132,6.47073536190386,-0.71356700840608,1362.00247879058,1
0.024,0.132,6.57893511612829,-0.851700177172269,1362.65601776823,1
0.027,0.132,6.68842146909159,-0.964934365741401,1362.36863297063,1
0.03,0.132,6.79685675708023,-1.05499304136477,1361.21691094317,1
0.033,0.132,6.90227478983722,-1.12383560022453,1359.28264766195,1
0.036,0.132,7.00307880778719,-1.17355781468032,1356.64978583105,1
0.039,0.132,7.09802287742878,-1.20630342638691,1353.40181399088,1
0.042,0.132,7.18618140059424,-1.22418972846944,1349.61967885427,1
0.045,0.132,7.26691117612394,-1.22924825366535,1345.38021288437,1
0.048,0.132,7.33980986448082,-1.22338032334987,1340.75504281269,1
0.051,0.132,7.40467393813672,-1.20832625354853,1335.80992192113,1
0.054,0.132,7.46145839169949,-1.18564643341558,1330.6044175254,1
0.057,0.132,7.51023973231742,-1.15671222680919,1325.19188252178,1
0.06,0.132,7.55118312923469,-1.12270462107702,1319.6196433918,1
0.063,0.132,7.58451409500661,-1.08461868243977,1313.92934432963,1
0.066,0.132,7.61049470002666,-1.04327210820891,1308.1573962815,1
0.069,0.132,7.62940407259958,-0.99931644071147,1302.33548929231,1
0.072,0.132,7.64152278780221,-0.95324978929002,1296.49113572811,1
0.075,0.132,7.64712067705671,-0.905430171318468,1290.64822014171,1
0.078,0.132,7.64644757547116,-0.856088817541944,1284.82753850807,1
0.081,0.132,7.63972654756399,-0.805342985629501,1279.04731520413,1
0.084,0.132,7.62714917978118,-0.753207988250848,1273.32369048886,1
0.087,0.132,7.60887258976978,-0.69960827109779,1267.67117446436,1
0.09,0.132,7.5850178705141,-0.644387476672831,1262.10306569832,1
0.093,0.132,7.55566975771025,-0.587317506750726,1256.63183398838,1
0.096,0.132,7.52087737882125,-0.528106655778467,1251.26946724756,1
0.099,0.132,7.48065601140935,-0.466406934643965,1246.02778224663,1
0.102,0.132,7.43498984708634,-0.401820744637721,1240.91869796501,1
0.105,0.132,7.38383582715753,-0.333907100516743,1235.95446851348,1
0.108,0.132,7.32712868884221,-0.262187645147064,1231.14786984507,1
0.111,0.132,7.26478743942396,-0.186152752811133,1226.51233049708,1
0.114,0.132,7.19672356277402,-0.105268091849417,1222.0619909804,1
0.117,0.132,7.12285136151655,-0.0189821199661495,1217.81166850495,1
0.12,0.132,7.04310095161525,0.073264869391587,1213.77669253729,1
0.123,0.132,6.9574345565032,0.172029325698795,1209.97256080363,1
0.126,0.132,6.86586689525413,0.277849530890041,1206.41434266996,1
0.129,0.132,6.76849061989347,0.391225677346396,1203.11572422949,1
0.132,0.132,6.66550791937335,0.512592841082178,1200.08754224328,1
0.135,0.132,6.55726954695976,0.642283964388813,1197.33558529537,1
0.138,0.132,6.44432259517479,0.780478871672222,1194.85733943785,1
0.141,0.132,6.32746824965358,0.927133858487082,1192.63720565391,1
0.144,0.132,6.20783034624052,1.08188440433208,1190.63949155622,1
0.147,0.132,6.08693457208688,1.24391094201879,1188.79813798424,1
0.15,0.132,5.96679614561619,1.41175425491231,1187.00161461306,1
0.153,0.132,5.85001000443054,1.58306289774718,1185.07059693864,1
0.156,0.132,5.73983046536361,1.75425010879206,1182.7247544831,1
0.159,0.132,5.64021394230776,1.92003259847934,1179.53300078549,1
0.162,0.132,5.55577167312503,2.07282052321995,1174.83886451918,1
0.165,0.132,5.49152127618636,2.20193810987384,1167.64955665578,1
0.168,0.132,5.45219950312212,2.29271166958362,1156.47956258131,1
0.171,0.132,5.44059347192649,2.32572876014925,1139.15867266976,1
0.174,0.132,5.45391121788399,2.27755132813831,1112.66976489141,1
0.177,0.132,5.47803648296097,2.12634137071422,1073.40642174331,1
0.18,0.132,5.48471700847651,1.86666743707204,1019.14731200056,1
0.183,0.132,5.44248389825253,1.52775565344619,953.10701420414,1
0.186,0.132,5.33999499497386,1.17040716517073,884.650890641432,1
0.189,0.132,5.1961691543779,0.852286924765935,822.49547772529,1
0.192,0.132,5.04397540397824,0.599556655984388,769.628688831131,1
0.195,0.132,4.90944858129149,0.409349414648439,724.827152531557,1
0.198,0.132,4.80508967800271,0.266312699746828,685.73939669106,1
0.201,0.132,4.7341345927539,0.154148947605757,650.268419336659,1
0.204,0.132,4.69612710059813,0.0592709975325654,616.781458604561,1
0.207,0.132,4.69013768883025,-0.0295400375851155,583.980741109907,1
0.21,0.132,4.71600880450064,-0.122636987310093,550.699658708806,1
0.213,0.132,4.77440373824968,-0.231200633880604,515.686442744405,1
0.216,0.132,4.86567953416737,-0.368802846683976,477.405152982785,1
0.219,0.132,4.98683331597852,-0.5519284870802,433.913155464207,1
0.222,0.132,5.12607997159372,-0.796718259797003,383.061099118735,1
0.225,0.132,5.25844599614602,-1.10802228522106,323.790412840984,1
0.228,0.132,5.35160736824819,-1.46310946438022,259.021651489463,1
0.231,0.132,5.38583091966151,-1.80811102000778,197.055319508037,1
0.234,0.132,5.37010706083534,-2.08410429018278,146.711227332818,1
0.237,0.132,5.33334026478627,-2.26055977924208,110.849236182636,1
0.24,0.132,5.30232730486043,-2.33945486969732,87.1221453142918,1
0.243,0.132,5.29102103652192,-2.33875508780962,71.9290662685412,1
0.246,0.132,5.30282266292941,-2.27860932751175,62.3220374852705,1
0.249,0.132,5.3358266664054,-2.1759822400071,56.2253122225162,1
0.252,0.132,5.38617445653646,-2.04387122030975,52.2513532956414,1
0.255,0.132,5.44960437658261,-1.89190076267184,49.4992206291443,1
0.258,0.132,5.52209959354375,-1.72709869379892,47.3949616692379,1
0.261,0.132,5.6001358559189,-1.55457232679404,45.5802464546294,1
0.264,0.132,5.68074664980534,-1.37805109373028,43.8385005160427,1
0.267,0.132,5.76150649625868,-1.20031442147511,42.0464491419995,1
0.27,0.132,5.8404803012818,-1.02353270361685,40.1424212586837,1
0.273,0.132,5.91616302352103,-0.849546618246634,38.1056134147906,1
0.276,0.132,5.98742229001328,-0.680105981546467,35.9425668003165,1
0.279,0.132,6.05345048695943,-0.517085629802869,33.6784283682852,1
0.282,0.132,6.11372948435999,-0.362692948637723,31.3514037388688,1
0.285,0.132,6.16800921159101,-0.219679662120562,29.0093462884542,1
0.288,0.132,6.21630013702907,-0.0915692951937561,26.7078374373908,1
0.291,0.132,6.25887929300898,0.0170890530386049,24.5098717848402,1
0.294,0.132,6.29631223389118,0.100433024684047,22.4911066986156,1
0.297,0.132,6.32951689677201,0.150982399584019,20.7795016618157,1
0.3,0.132,6.36005826359993,0.159519074333156,19.8228394134936,4
0.0,0.134,6.0,1.0,1337.08790147987,3
0.003,0.134,6.01638351085105,0.662494273431287,1342.35872613502,1
0.006,0.134,6.05416741933076,0.349700960704096,1349.29573342009,1
0.009,0.134,6.11239988229588,0.0640276621610902,1355.44752858312,1
0.012,0.134,6.18783607833827,-0.192827446330936,1360.44632332303,1
0.015,0.134,6.27684376480413,-0.419943752194184,1364.24608305819,1
0.018,0.134,6.37580346656914,-0.617160991110355,1366.86729997773,1
0.021,0.134,6.48127452037899,-0.785015422640286,1368.35753924409,1
0.024,0.134,6.59010368529367,-0.924644038588467,1368.78239460068,1
0.027,0.134,6.69949893041248,-1.03766900375636,1368.22053648935,1
0.03,0.134,6.80707191775318,-1.12607381568774,1366.75937996428,1
0.033,0.134,6.91085235276643,-1.19208114920126,1364.49111745884,1
0.036,0.134,7.00927887048611,-1.2380401066926,1361.50924422333,1
0.039,0.134,7.10117204007889,-1.26632806708148,1357.9056825858,1
0.042,0.134,7.18569519863602,-1.2792699104345,1353.76854378263,1
0.045,0.134,7.26230834276207,-1.27907535578426,1349.18050849835,1
0.048,0.134,7.33071945146754,-1.26779361355066,1344.21776763368,1
0.051,0.134,7.39083660133933,-1.24728353750809,1338.94944227088,1
0.054,0.134,7.44272322837772,-1.21919690706748,1333.4373930379,1
0.057,0.134,7.48655799559359,-1.18497228355947,1327.73633027503,1
0.06,0.134,7.52259999524471,-1.14583695914847,1321.89414403086,1
0.063,0.134,7.55115946407991,-1.10281475726662,1315.95238403797,1
0.066,0.134,7.5725738080714,-1.056737770098,1309.94683225338,1
0.069,0.134,7.58718849475587,-1.00826047336611,1303.90812279817,1
0.072,0.134,7.59534224615226,-0.957875002544196,1297.86237527916,1
0.075,0.134,7.59735592347471,-0.905926684690827,1291.83181704634,1
0.078,0.134,7.59352451044279,-0.852629185518903,1285.83537776905,1
0.081,0.134,7.58411165391844,-0.798078849425797,1279.88924583309,1
0.084,0.134,7.56934629311379,-0.742267983636682,1274.00738061493,1
0.087,0.134,7.54942099067683,-0.685096971814961,1268.20197786783,1
0.09,0.134,7.52449166343875,-0.626385204241615,1262.48388745408,1
0.093,0.134,7.49467849340962,-0.565880888034895,1256.86298364901,1
0.096,0.134,7.46006787891301,-0.503269858729235,1251.34848835356,1
0.099,0.134,7.4207153613377,-0.43818356030155,1245.94924685824,1
0.102,0.134,7.37664953575013,-0.370206400497843,1240.6739543105,1
0.105,0.134,7.32787702517501,-0.298882727988429,1235.53132868188,1
0.108,0.134,7.27438867077711,-0.223723723563691,1230.53022265069,1
0.111,0.134,7.21616716574141,-0.144214556013637,1225.67966213051,1
0.114,0.134,7.15319644158365,-0.0598222324772616,1220.98879275163,1
0.117,0.134,7.085473203796,0.0299953171816774,1216.46670679589,1
0.12,0.134,7.01302111010057,0.125778229244578,1212.12211095689,1
0.123,0.134,6.93590818829078,0.228050862219891,1207.9627784924,1
0.126,0.134,6.85426819747545,0.337303918659985,1203.99470590305,1
0.129,0.134,6.76832673633404,0.453970924937568,1200.2208614032,1
0.132,0.134,6.67843297432732,0.578396907237738,1196.63936608734,1
0.135,0.134,6.58509788901685,0.710796354622975,1193.24088295587,1
0.138,0.134,6.48903976849716,0.851196565142498,1190.00489528197,1
0.141,0.134,6.39123736937642,0.999361170218926,1186.89442167288,1
0.144,0.134,6.29299031794816,1.15468697408367,1183.84852239425,1
0.147,0.134,6.19598478755845,1.31606520790547,1180.77167405115,1
0.15,0.134,6.10235964001077,1.48169594621344,1177.51869215659,1
0.153,0.134,6.01476313827124,1.64884203517832,1173.87332376546,1
0.156,0.134,5.93638126826832,1.81350723361825,1169.5178930782,1
0.159,0.134,5.87090224654804,1.9700245062621,1163.99057396442,1
0.162,0.134,5.82235090900017,2.11055082483868,1156.62646454291,1
0.165,0.134,5.79466869670385,2.22450159684135,1146.48054975753,1
0.168,0.134,5.79080794673386,2.29807240580655,1132.23979102374,1
0.171,0.134,5.81096306256276,2.31432205386503,1112.1546211612,1
0.174,0.134,5.84964205892291,2.25500770686835,1084.07960570622,1
0.177,0.134,5.8924740167148,2.10618621374929,1045.91109611757,1
0.18,0.134,5.9165594740003,1.86844896578663,996.949944883101,1
0.183,0.134,5.89920419722029,1.56617160989564,939.826627675602,1
0.186,0.134,5.83198673346193,1.24321017744281,880.383262722694,1
0.189,0.134,5.72672387661403,0.942555539693304,824.251930220305,1
0.192,0.134,5.60680795549906,0.688408669255225,774.047338666138,1
0.195,0.134,5.49403754875945,0.48439456863217,729.662059005305,1
0.198,0.134,5.40210519024171,0.322077068307156,689.82065931165,1
0.201,0.134,5.33729272784359,0.189172494610916,653.072609400375,1
0.204,0.134,5.30165080567196,0.0735819348121406,618.112107911242,1
0.207,0.134,5.29555071196994,-0.0357485438674457,583.795530072078,1
0.21,0.134,5.31891658805473,-0.149407451208962,549.054879691185,1
0.213,0.134,5.37127940278931,-0.278481410242375,512.785744942802,1
0.216,0.134,5.45065902445437,-0.435211533924593,473.762403338224,1
0.219,0.134,5.55112448536878,-0.632317208943548,430.654359944548,1
0.222,0.134,5.65964343973502,-0.87927412653581,382.326779835385,1
0.225,0.134,5.75515925026811,-1.1744211466602,328.764923288065,1
0.228,0.134,5.81452238114891,-1.49638043318985,272.513511121376,1
0.231,0.134,5.82505818165501,-1.80493983465884,218.920284517001,1
0.234,0.134,5.79328960997597,-2.05753158145637,173.448464701901,1
0.237,0.134,5.73983746621164,-2.22881180290775,138.432393202988,1
0.24,0.134,5.68624958647211,-2.31552772780396,113.016807290622,1
0.243,0.134,5.64652048015066,-2.32840079069126,95.0513588870352,1
0.246,0.134,5.62647665124223,-2.282718622127,82.4135193576352,1
0.249,0.134,5.62660327327627,-2.19307343233129,73.4145884299082,1
0.252,0.134,5.64471329077699,-2.07156676218013,66.8176620501924,1
0.255,0.134,5.67757586908712,-1.9276500775161,61.7557630121777,1
0.258,0.134,5.72175898405911,-1.76850471523076,57.6373761491745,1
0.261,0.134,5.77402929801034,-1.59952347437544,54.066715892952,1
0.264,0.134,5.83152027998564,-1.42475784840492,50.7841211525203,1
0.267,0.134,5.8917814423786,-1.2473005716709,47.623688693981,1
0.27,0.134,5.95276881134183,-1.06960694180659,44.4838075588943,1
0.273,0.134,6.01280900023976,-0.89376817202843,41.3068902902027,1
0.276,0.134,6.07055466454796,-0.721751639451713,38.0655278955742,1
0.279,0.134,6.12494111464952,-0.555622044789911,34.7530972130744,1
0.282,0.134,6.1751492895233,-0.397756092613913,31.3774383524309,1
0.285,0.134,6.22057754465068,-0.251062056982232,27.9566510084908,1
0.288,0.134,6.26082304012848,-0.119214751827645,24.5165239319832,1
0.291,0.134,6.2956734244187,-0.0069157371523759,21.0906721626743,1
0.294,0.134,6.32511779122036,0.0798145888548043,17.734249892572,1
0.297,0.134,6.34945201508832,0.133331547234211,14.6296181149173,1
0.3,0.134,6.37002372364587,0.144253042225802,12.8320535848098,4
0.0,0.136,6.0,1.0,1343.68258969724,3
0.003,0.136,6.01703410641988,0.645003599514083,1349.14875182994,1
0.006,0.136,6.05620318835716,0.316927359031769,1356.30501063207,1
0.009,0.136,6.11635863684286,0.0183988438755001,1362.59681983918,1
0.012,0.136,6.19396014480782,-0.248769841025642,1367.64220922265,1
0.015,0.136,6.28507757217954,-0.483653798859865,1371.39730776918,1
0.018,0.136,6.38582305937715,-0.686188410543056,1373.88995387669,1
0.021,0.136,6.49253478186645,-0.857088243190851,1375.17787766767,1
0.024,0.136,6.60189559648767,-0.997729804066466,1375.33851854454,1
0.027,0.136,6.71101027596266,-1.11001329298979,1374.46314874327,1
0.03,0.136,6.81744583365622,-1.19621730533103,1372.65174969526,1
0.033,0.136,6.91923948558688,-1.25885821571367,1370.00841292055,1
0.036,0.136,7.01488046905568,-1.30056295671814,1366.63740940785,1
0.039,0.136,7.10327277345919,-1.32396068122301,1362.64002829264,1
0.042,0.136,7.18368571185847,-1.33159584541642,1358.11220241929,1
0.045,0.136,7.25569844192566,-1.32586286627457,1353.14287235864,1
0.048,0.136,7.31914334702163,-1.30896080602931,1347.81299856819,1
0.051,0.136,7.37405187846983,-1.28286549487096,1342.19511080291,1
0.054,0.136,7.42060522674112,-1.24931601819768,1336.35327951167,1
0.057,0.136,7.45909114206736,-1.20981242800982,1330.34340054351,1
0.06,0.136,7.48986740939501,-1.16562175086208,1324.21369750099,1
0.063,0.136,7.51333189871147,-1.11778973770154,1318.0053620068,1
0.066,0.136,7.52989873278685,-1.06715624214033,1311.75326852476,1
0.069,0.136,7.53997990109446,-1.01437255964314,1305.48671563803,1
0.072,0.136,7.54397155969263,-0.959919471578939,1299.23015898165,1
0.075,0.136,7.54224425451827,-0.904125094824064,1293.00391200861,1
0.078,0.136,7.53513635881235,-0.847181932651768,1286.82479942276,1
0.081,0.136,7.52295010055212,-0.789162757555203,1280.70675461705,1
0.084,0.136,7.505949655905,-0.730035137804944,1274.66135707995,1
0.087,0.136,7.48436088868018,-0.669674555561317,1268.69830876853,1
0.09,0.136,7.45837241684447,-0.607876164462558,1262.82585016394,1
0.093,0.136,7.42813778199663,-0.544365307672463,1257.05111734829,1
0.096,0.136,7.39377858516737,-0.478806971519228,1251.38044113328,1
0.099,0.136,7.35538853285621,-0.41081439238209,1245.81958812626,1
0.102,0.136,7.31303841218528,-0.33995707199104,1240.37394165648,1
0.105,0.136,7.26678208529241,-0.265768495011132,1235.04861764173,1
0.108,0.136,7.21666366260621,-0.187753888896865,1229.84850659452,1
0.111,0.136,7.16272608431219,-0.105398426197927,1224.77822777768,1
0.114,0.136,7.10502141053015,-0.0181763514560596,1219.841974606,1
0.117,0.136,7.04362319395375,0.0744383721376785,1215.04322115084,1
0.12,0.136,6.97864138279296,0.172959145419281,1210.38424718402,1
0.123,0.136,6.9102402728674,0.277870581193936,1205.86542239622,1
0.126,0.136,6.83866008702882,0.389607864256242,1201.48416757709,1
0.129,0.136,6.76424279148623,0.508529982352252,1197.23347933874,1
0.132,0.136,6.68746273332939,0.634884673042149,1193.09986222076,1
0.135,0.136,6.60896255273423,0.76876226163927,1189.06045339144,1
0.138,0.136,6.52959450591172,0.910034711357508,1185.07904482139,1
0.141,0.136,6.45046669826044,1.05827515167618,1181.10059815933,1
0.144,0.136,6.37299255603498,1.21265191068776,1177.04369937682,1
0.147,0.136,6.29893980833856,1.37178974446971,1172.79020428922,1
0.15,0.136,6.23047173092839,1.5335897924352,1168.1710788907,1
0.153,0.136,6.17016744412707,1.69499942624458,1162.94715945577,1
0.156,0.136,6.12099798899325,1.85172507374099,1156.78333885928,1
0.159,0.136,6.08621785197307,1.99788877229937,1149.21480665794,1
0.162,0.136,6.06910313729061,2.12565082965394,1139.60518787426,1
0.165,0.136,6.07242269919582,2.2248758796542,1127.10051142716,1
0.168,0.136,6.09747313836079,2.28305004516673,1110.59283540657,1
0.171,0.136,6.14250969991716,2.28592395081574,1088.72700715176,1
0.174,0.136,6.20069573904901,2.21973776120588,1060.02752413953,1
0.177,0.136,6.2586470823106,2.07595447863538,1023.31318675244,1
0.18,0.136,6.29800815188285,1.85800384047913,978.562645541304,1
0.183,0.136,6.30199756071071,1.58586466349598,927.822385074962,1
0.186,0.136,6.26415508963669,1.29213982637443,874.919004056529,1
0.189,0.136,6.19200926479037,1.00949901789222,823.626285027449,1
0.192,0.136,6.10227374108139,0.759050318023532,776.063552569683,1
0.195,0.136,6.01252969463992,0.547433189837051,732.602430375974,1
0.198,0.136,5.93584633181014,0.370909150692445,692.624403838036,1
0.201,0.136,5.87986050185714,0.220773047419718,655.169834109644,1
0.204,0.136,5.84822230044795,0.0868756296602474,619.240479595894,1
0.207,0.136,5.84227351074446,-0.0409792608898736,583.884142109619,1
0.21,0.136,5.86201554225703,-0.172901523421559,548.183729074901,1
0.213,0.136,5.90615823656743,-0.319189199092168,511.219796323078,1
0.216,0.136,5.97124423222843,-0.490270350628985,472.058912944833,1
0.219,0.136,6.05003052600729,-0.695461027844373,429.83266245213,1
0.222,0.136,6.13000159553385,-0.939651291400587,384.018300917955,1
0.225,0.136,6.19405612476406,-1.21802757703207,335.036080514681,1
0.228,0.136,6.2254698989817,-1.51178483770194,284.938197314361,1
0.231,0.136,6.21587213995318,-1.79032274142191,237.29233948937,1
0.234,0.136,6.17015755882033,-2.02192906745885,195.649321710723,1
0.237,0.136,6.10340777361892,-2.18585355835179,161.814284317686,1
0.24,0.136,6.0327672289347,-2.27656010472434,135.61037097523,1
0.243,0.136,5.97114464698589,-2.29989869425681,115.78474617697,1
0.246,0.136,5.92551846269743,-2.26701089570662,100.853966434854,1
0.249,0.136,5.8981402234021,-2.18994298307963,89.496108188022,1
0.252,0.136,5.88836466690849,-2.07952650853064,80.6580748100606,1
0.255,0.136,5.89407576785297,-1.944716745307,73.5485337588599,1
0.258,0.136,5.91257358399239,-1.79261418735162,67.593278880692,1
0.261,0.136,5.94106704926809,-1.62873564040677,62.3848559482346,1
0.264,0.136,5.97692422655784,-1.45734493880269,57.6387556650108,1
0.267,0.136,6.01778247423579,-1.28177287830967,53.159096113259,1
0.27,0.136,6.0615806491589,-1.10470637287787,48.8130314675301,1
0.273,0.136,6.10654998188063,-0.928446872135763,44.5121531409867,1
0.276,0.136,6.15118509350126,-0.755145487931977,40.1991711081265,1
0.279,0.136,6.19420767621355,-0.587024551827306,35.8384611157248,1
0.282,0.136,6.23452995531396,-0.426595622978859,31.4093869416941,1
0.285,0.136,6.27122165368968,-0.2768836276553,26.9016097834508,1
0.288,0.136,6.30348208941311,-0.14166640179217,22.3121007694544,1
0.291,0.136,6.33061932375193,-0.0257383518214443,17.6459294176741,1
0.294,0.136,6.3520521801885,0.0647963220839961,12.9386773258514,1
0.297,0.136,6.36745993972482,0.122220873681809,8.42874065377328,1
0.3,0.136,6.37798342128224,0.13710130352007,5.78401511111903,4
0.0,0.138,6.0,1.0,1350.80729458765,3
0.003,0.138,6.01775494360347,0.62682037045106,1356.48890178482,1
0.006,0.138,6.05845045867224,0.282969212534899,1363.88410650658,1
0.009,0.138,6.12070899252965,-0.0286875163709123,1370.32379232854,1
0.012,0.138,6.20065285751621,-0.306223136020168,1375.4106477438,1
0.015,0.138,6.2940151916814,-0.548724793964562,1379.10396904161,1
0.018,0.138,6.39660893329307,-0.756253551002433,1381.44073424675,1
0.021,0.138,6.50453067134455,-0.929741496487107,1382.49101499486,1
0.024,0.138,6.61428992936737,-1.07084817783203,1382.34640061346,1
0.027,0.138,6.72288901302065,-1.18179519674957,1381.11299653138,1
0.03,0.138,6.82785933979549,-1.26519589793687,1378.90536177245,1
0.033,0.138,6.92726065060527,-1.32389388563584,1375.84118593551,1
0.036,0.138,7.01965130692652,-1.36082008138986,1372.03686086687,1
0.039,0.138,7.10403852757055,-1.37887394691788,1367.60403254492,1
0.042,0.138,7.17981690830166,-1.3808309209138,1362.64711772596,1
0.045,0.138,7.24670229118954,-1.3692753714861,1357.26169596955,1
0.048,0.138,7.30466641918773,-1.34655652631036,1351.53364540819,1
0.051,0.138,7.35387614731278,-1.31476382827892,1345.5388744584,1
0.054,0.138,7.39463949469329,-1.27571780767143,1339.34350409538,1
0.057,0.138,7.42735961850984,-1.23097266973334,1333.00436933058,1
0.06,0.138,7.45249690016183,-1.18182719061294,1326.56972849115,1
0.063,0.138,7.47053873423524,-1.12934105099268,1320.08009070357,1
0.066,0.138,7.48197625408,-1.07435431179099,1313.56909295615,1
0.069,0.138,7.48728705745171,-1.0175082834188,1307.06437672348,1
0.072,0.138,7.48692295756746,-0.959266522471995,1300.58842968907,1
0.075,0.138,7.4813018330735,-0.899935092199829,1294.159370464,1
0.078,0.138,7.47080274900624,-0.839681544475636,1287.79166357056,1
0.081,0.138,7.4557636439459,-0.778552328369095,1281.49675870774,1
0.084,0.138,7.43648100882719,-0.716488514812083,1275.28365286551,1
0.087,0.138,7.41321110960183,-0.653339860524064,1269.15937661777,1
0.09,0.138,7.3861724234077,-0.588877329207067,1263.12940725404,1
0.093,0.138,7.35554906377307,-0.522804254766709,1257.19801159218,1
0.096,0.138,7.32149506458109,-0.454766379293885,1251.3685205458,1
0.099,0.138,7.28413947626678,-0.384361035765841,1245.64353592012,1
0.102,0.138,7.24359230291546,-0.311145778872007,1240.02506750996,1
0.105,0.138,7.19995137767082,-0.234646803360757,1234.51459532199,1
0.108,0.138,7.15331033806919,-0.15436753393975,1229.11304749526,1
0.111,0.138,7.10376792400666,-0.0697978303919574,1223.82067899989,1
0.114,0.138,7.05143887953259,0.0195756667322074,1218.63682908076,1
0.117,0.138,6.9964667946021,0.11425741242764,1213.55952615067,1
0.12,0.138,6.93903927107402,0.214728265744281,1208.58489669894,1
0.123,0.138,6.87940583175092,0.321427235953145,1203.70631878763,1
0.126,0.138,6.81789899956763,0.434728400576112,1198.91323955594,1
0.129,0.138,6.75495893465007,0.554911375814383,1194.1895481482,1
0.132,0.138,6.69116189442668,0.682123267750522,1189.51135846169,1
0.135,0.138,6.62725251913703,0.816329469575203,1184.84400744757,1
0.138,0.138,6.5641794512388,0.957249995037381,1180.13801144311,1
0.141,0.138,6.50313292982403,1.10427727765663,1175.32364248821,1
0.144,0.138,6.44558153742069,1.25637060335814,1170.30368800132,1
0.147,0.138,6.39330286895157,1.41192178371295,1164.94384578205,1
0.15,0.138,6.34839899941382,1.56858675921658,1159.06010299617,1
0.153,0.138,6.31328141151306,1.72307947327925,1152.40241178909,1
0.156,0.138,6.29060026040735,1.87092950957226,1144.634150941,1
0.159,0.138,6.28307788916843,2.00621764313923,1135.30758203802,1
0.162,0.138,6.29318522605064,2.1213317626269,1123.83745048567,1
0.165,0.138,6.3225754421756,2.20684499553214,1109.47921129254,1
0.168,0.138,6.37118365319308,2.2517304580483,1091.32653270631,1
0.171,0.138,6.43598411244563,2.2442975946531,1068.35675122132,1
0.174,0.138,6.50970352733504,2.17436826339244,1039.57784674305,1
0.177,0.138,6.58040368123455,2.03697124778312,1004.35872450395,1
0.18,0.138,6.6333585922525,1.83668073609608,962.957725339466,1
0.183,0.138,6.65584326198935,1.58979472927242,916.94523951534,1
0.186,0.138,6.64274050555001,1.32113568490094,868.931188534659,1
0.189,0.138,6.59888904679781,1.05596136965028,821.52865492693,1
0.192,0.138,6.53633056273471,0.812208461137399,776.407914042554,1
0.195,0.138,6.46898081221147,0.597603831989994,734.110121310035,1
0.198,0.138,6.40847770502266,0.411403608006476,694.401641307836,1
0.201,0.138,6.3626794941167,0.247785663917841,656.67665424571,1
0.204,0.138,6.33602538485869,0.098618772529857,620.200764714829,1
0.207,0.138,6.33044998173283,-0.045021392622519,584.216331972196,1
0.21,0.138,6.34601914896408,-0.192263892665926,547.974355876115,1
0.213,0.138,6.38096761614264,-0.352191910506829,510.743831714466,1
0.216,0.138,6.43112665857891,-0.53331630460839,471.841335911084,1
0.219,0.138,6.48902923505441,-0.742172808589448,430.728328733838,1
0.222,0.138,6.54347598703005,-0.980672776109379,387.23412837247,1
0.225,0.138,6.58083253825492,-1.24272862654853,341.920738595484,1
0.228,0.138,6.58889324511065,-1.512278090293,296.395491368335,1
0.231,0.138,6.56202209297448,-1.76562626107685,253.11453203047,1
0.234,0.138,6.50402448805424,-1.97856631244195,214.479142073059,1
0.237,0.138,6.42621455690406,-2.13415309119771,181.863722109821,1
0.24,0.138,6.34225180658888,-2.22610352837567,155.383936659974,1
0.243,0.138,6.26356851951254,-2.25713201200263,134.328164121814,1
0.246,0.138,6.19745379216516,-2.23511182953046,117.677667742842,1
0.249,0.138,6.14730338056316,-2.16969860233317,104.422191755867,1
0.252,0.138,6.11372949677659,-2.07029157969552,93.6916154641718,1
0.255,0.138,6.09567003793136,-1.94512049987228,84.7888874221129,1
0.258,0.138,6.09120410944765,-1.80100185467883,77.1789001478491,1
0.261,0.138,6.09807071405888,-1.64341875319552,70.461449736824,1
0.264,0.138,6.11396870311628,-1.47673057143,64.3419515046024,1
0.267,0.138,6.13671365396856,-1.30442045484866,58.6055463458746,1
0.27,0.138,6.1643064518184,-1.12934283628136,53.09615402757,1
0.273,0.138,6.19494964785163,-0.953959121790519,47.7002912288565,1
0.276,0.138,6.22703447532382,-0.780561545489394,42.3348890068766,1
0.279,0.138,6.25911273631059,-0.611490289852354,36.9382505291885,1
0.282,0.138,6.28986213504369,-0.449350939207106,31.4633769941135,1
0.285,0.138,6.31804988914697,-0.297239936944228,25.8730679247602,1
0.288,0.138,6.3424970980814,-0.158985776569591,20.1367397324464,1
0.291,0.138,6.36204710703414,-0.0394132573227989,14.2320519059051,1
0.294,0.138,6.37556067448644,0.0553651792035614,8.17616124611835,1
0.297,0.138,6.38211242732463,0.117652494319062,2.26451429274476,1
0.3,0.138,6.38264875820576,0.138071829812667,-1.22416087224837,4
0.0,0.14,6.0,1.0,1358.50690311569,3
0.003,0.14,6.01855455468587,0.607871217711814,1364.42631770647,1
0.006,0.14,6.06093333308369,0.247709618792131,1372.08179631364,1
0.009,0.14,6.125491746804,-0.0773600233227845,1378.67681779977,1
0.012,0.14,6.20796613819018,-0.365297561150271,1383.79755169499,1
0.015,0.14,6.30370870689323,-0.615223502391902,1387.40779641096,1
0.018,0.14,6.40819912124106,-0.827361777601012,1389.55592582165,1
0.021,0.14,6.51727107999964,-1.00290928154545,1390.32703095173,1
0.024,0.14,6.62725260909782,-1.14385994075531,1389.82963103827,1
0.027,0.14,6.73504715648244,-1.25280679527448,1388.18730256272,1
0.03,0.14,6.83816341983248,-1.33274258738187,1385.53150697779,1
0.033,0.14,6.93470278799323,-1.38687483079911,1381.99544563915,1
0.036,0.14,7.02331512184566,-1.4184660070902,1377.70909894675,1
0.039,0.14,7.10313390454891,-1.43070438877073,1372.79550490828,1
0.042,0.14,7.17370072163765,-1.42660670361725,1367.36821230382,1
0.045,0.14,7.23488714905131,-1.40895074296651,1361.52976341811,1
0.048,0.14,7.28681995647541,-1.38023409196688,1355.37102180666,1
0.051,0.14,7.32981345524803,-1.34265424957495,1348.97115229774,1
0.054,0.14,7.36431105799482,-1.29810525629398,1342.39807283062,1
0.057,0.14,7.3908367631405,-1.24818629734086,1335.70922170884,1
0.06,0.14,7.40995633188027,-1.19421837446233,1328.95251256471,1
0.063,0.14,7.42224733550499,-1.13726587246666,1322.16737817027,1
0.066,0.14,7.4282769420489,-1.07816057382969,1315.38583043623,1
0.069,0.14,7.42858620573155,-1.01752633062881,1308.63348615816,1
0.072,0.14,7.42367965238225,-0.9558031568275,1301.93052589566,1
0.075,0.14,7.41401906461958,-0.893269948403028,1295.29256698453,1
0.078,0.14,7.40002052209964,-0.830065380877049,1288.73144157498,1
0.081,0.14,7.38205391749196,-0.766206787485505,1282.25587736931,1
0.084,0.14,7.36044433103816,-0.701607003042741,1275.8720830106,1
0.087,0.14,7.33547479619436,-0.636089284824087,1269.58424239708,1
0.09,0.14,7.30739012177996,-0.569400507195462,1263.39492301213,1
0.093,0.14,7.27640155145479,-0.501222883792411,1257.30540301128,1
0.096,0.14,7.24269214041558,-0.43118451018653,1251.31592053079,1
0.099,0.14,7.20642281414265,-0.358869049721873,1245.42584661756,1
0.102,0.14,7.16773914736204,-0.283824912694299,1239.63378037393,1
0.105,0.14,7.12677896548964,-0.205574310489312,1233.93756132466,1
0.108,0.14,7.08368092753191,-0.123622607444314,1228.33418952085,1
0.111,0.14,7.03859429969224,-0.0374684498161443,1222.81963828057,1
0.114,0.14,6.99169017241661,0.0533847705203461,1217.3885374101,1
0.117,0.14,6.94317440802967,0.149415453233425,1212.03369581876,1
0.12,0.14,6.89330262634589,0.251067519965201,1206.7454210629,1
0.123,0.14,6.84239753232599,0.358730342091271,1201.51057880481,1
0.126,0.14,6.79086884723536,0.472713627156981,1196.3113165554,1
0.129,0.14,6.7392359974705,0.593215720010059,1191.12335234007,1
0.132,0.14,6.68815350342379,0.720283402318925,1185.91369896384,1
0.135,0.14,6.63843863303736,0.853760840106471,1180.63765738541,1
0.138,0.14,6.59110024762457,0.993224859015426,1175.2348680462,1
0.141,0.14,6.54736673064819,1.13790328798184,1169.62415839291,1
0.144,0.14,6.50870924483016,1.28657284869041,1163.69687417196,1
0.147,0.14,6.47685400453791,1.43743327264116,1157.30834675335,1
0.15,0.14,6.45377334743405,1.58795556778078,1150.26716413906,1
0.153,0.14,6.44163957251364,1.73470571747643,1142.32205500332,1
0.156,0.14,6.44271716819168,1.87315261807598,1133.14661522579,1
0.159,0.14,6.4591579938901,1.99748448022835,1122.32308963315,1
0.162,0.14,6.49265201943179,2.10048758492895,1109.32843742068,1
0.165,0.14,6.54388165323399,2.17359395857606,1093.52956820367,1
0.168,0.14,6.61175455182662,2.20728479092935,1074.20048903104,1
0.171,0.14,6.69249741554483,2.19212102393817,1050.5826650586,1
0.174,0.14,6.77893869952441,2.120663565113,1022.02078958377,1
0.177,0.14,6.86065191332989,1.99023537880041,988.205555644361,1
0.18,0.14,6.92573858404215,1.80567750018743,949.489911952152,1
0.183,0.14,6.96431039085265,1.58029552383542,907.079756899039,1
0.186,0.14,6.97218773922443,1.33335449430544,862.816626105065,1
0.189,0.14,6.95245844403218,1.08467688682555,818.563579528901,1
0.192,0.14,6.9138529349183,0.849329495829934,775.62697802904,1
0.195,0.14,6.86726806065783,0.635112247711491,734.574611373981,1
0.198,0.14,6.82265128372299,0.44308979329388,695.390181741239,1
0.201,0.14,6.78741315677425,0.269636232974533,657.714918045696,1
0.204,0.14,6.76618123920705,0.10849155348349,621.028922724725,1
0.207,0.14,6.76115589968574,-0.0478197008693192,584.753367126601,1
0.21,0.14,6.77245106649664,-0.207164693955149,548.302438467242,1
0.213,0.14,6.79811868975374,-0.377217759257091,511.118232093282,1
0.216,0.14,6.83384346539522,-0.564680897380646,472.719506696126,1
0.219,0.14,6.87257914050555,-0.773936242756252,432.795168493688,1
0.222,0.14,6.90471231105141,-1.00504179758109,391.367794342898,1
0.225,0.14,6.91948464098475,-1.25163872331609,349.008111447864,1
0.228,0.14,6.90791448565351,-1.50018645214797,306.963779284875,1
0.231,0.14,6.86617564245914,-1.73205585969445,266.973460758428,1
0.234,0.14,6.79733595204816,-1.92840334321612,230.715742306969,1
0.237,0.14,6.71010100835615,-2.07536076310907,199.236566441522,1
0.24,0.14,6.61543905576602,-2.16667053022278,172.762693933195,1
0.243,0.14,6.52327992441157,-2.20309743651158,150.904147406879,1
0.246,0.14,6.44073484212789,-2.19005533283395,132.9685850612,1
0.249,0.14,6.37184496868836,-2.13512177642516,118.195108199029,1
0.252,0.14,6.31816149129892,-2.04626457103538,105.878659685347,1
0.255,0.14,6.27953359081482,-1.93086116465809,95.4198333894049,1
0.258,0.14,6.25479065461484,-1.795291911787,86.3338642215794,1
0.261,0.14,6.24223299099783,-1.64486914464515,78.240288388513,1
0.264,0.14,6.23994772689968,-1.48393594504041,70.8455401369193,1
0.267,0.14,6.24599385454546,-1.31603966275416,63.9247740066548,1
0.27,0.14,6.25849781203442,-1.14413261420234,57.3056371282775,1
0.273,0.14,6.27569100962915,-0.970779355937702,50.854832949522,1
0.276,0.14,6.29591120297596,-0.798364128921575,44.4674434639686,1
0.279,0.14,6.3175823242452,-0.629299173993169,38.0586313707314,1
0.282,0.14,6.33918214580447,-0.466237972164436,31.557252886238,1
0.285,0.14,6.35920342087079,-0.312298906509637,24.900986832965,1
0.288,0.14,6.37611174347905,-0.171305337598735,18.0331620529676,1
0.291,0.14,6.3883047226403,-0.048047832403615,10.9053884622095,1
0.294,0.14,6.39410230483266,0.0514290406786119,3.517693760777,1
0.297,0.14,6.39199183185556,0.119538150026461,-3.77704632312467,1
0.3,0.14,6.38273861325356,0.147064582592824,-8.09755609188625,4
0.0,0.142,6.0,1.0,1366.83290521718,3
0.003,0.142,6.01944294706537,0.588074009128772,1373.01509957752,1
0.006,0.142,6.0636798106463,0.211019390079967,1380.95396136206,1
0.009,0.142,6.13075363779682,-0.127757724148116,1387.71107636393,1
0.012,0.142,6.21595820624936,-0.42610736408295,1392.85493417569,1
0.015,0.142,6.31421432066753,-0.683211156592703,1396.35561063036,1
0.018,0.142,6.42063082386595,-0.899502015696726,1398.2757260358,1
0.021,0.142,6.53075668015432,-1.07649870936156,1398.71869670602,1
0.024,0.142,6.64073227826719,-1.21659007858795,1397.81333234898,1
0.027,0.142,6.74736966483469,-1.32279820114824,1395.70379940776,1
0.03,0.142,6.84817248915889,-1.39854523843329,1392.54114334983,1
0.033,0.142,6.94130784153337,-1.44744237153036,1388.47622115381,1
0.036,0.142,7.02554389306343,-1.47311222734896,1383.65418638123,1
0.039,0.142,7.10016696890121,-1.47904977131445,1378.21052967494,1
0.042,0.142,7.16488982569174,-1.46852157411497,1372.26853838944,1
0.045,0.142,7.2197602306135,-1.44449991552836,1365.93795598556,1
0.048,0.142,7.26507611024377,-1.40962626922774,1359.31458991488,1
0.051,0.142,7.30131098819268,-1.36619801644615,1352.48062120986,1
0.054,0.142,7.32905138332499,-1.31617239596989,1345.50539546399,1
0.057,0.142,7.34894635494638,-1.26118237059166,1338.4465118877,1
0.06,0.142,7.36166841420408,-1.20256000330308,1331.35106664456,1
0.063,0.142,7.36788447758819,-1.14136389926584,1324.25694373783,1
0.066,0.142,7.36823530996478,-1.07840816495128,1317.19407871504,1
0.069,0.142,7.36332188994453,-1.01429110421744,1310.18564641387,1
0.072,0.142,7.35369724672166,-0.949422492639681,1303.24914394405,1
0.075,0.142,7.33986250284869,-0.884048750652821,1296.39735470973,1
0.078,0.142,7.32226606903982,-0.818275690369519,1289.63918938925,1
0.081,0.142,7.30130514800789,-0.752088762743995,1282.98040630833,1
0.084,0.142,7.27732889924673,-0.685370903820674,1276.42421739288,1
0.087,0.142,7.2506427884164,-0.617918191764418,1269.97178756393,1
0.09,0.142,7.22151379166455,-0.549453597669024,1263.62263558333,1
0.093,0.142,7.19017624800682,-0.479639156947084,1257.37494337535,1
0.096,0.142,7.15683825455948,-0.408086915632391,1251.22577900742,1
0.099,0.142,7.1216885832984,-0.334369025998821,1245.17123596834,1
0.102,0.142,7.0849041673385,-0.258027385558474,1239.20648819617,1
0.105,0.142,7.0466582621621,-0.178583238592115,1233.32575645316,1
0.108,0.142,7.00712943454632,-0.0955471950527095,1227.5221770183,1
0.111,0.142,6.96651156968068,-0.0084301728845229,1221.78755809032,1
0.114,0.142,6.92502511398324,0.0832441584971922,1216.11200251203,1
0.117,0.142,6.88292978398002,0.179924758386738,1210.48336711114,1
0.12,0.142,6.84053896365186,0.282015614859226,1204.8865187012,1
0.123,0.142,6.79823597260703,0.389854196020045,1199.30233413458,1
0.126,0.142,6.75649229738517,0.503684778511534,1193.70637625949,1
0.129,0.142,6.71588771058212,0.623625233410598,1188.06715878137,1
0.132,0.142,6.67713191589262,0.749625569995873,1182.34389069433,1
0.135,0.142,6.64108689044817,0.881416246351512,1176.4835655951,1
0.138,0.142,6.60878836022778,1.01844400203739,1170.41723467361,1
0.141,0.142,6.58146371358308,1.1597928521278,1164.05527916927,1
0.144,0.142,6.56054195749275,1.30408809356977,1157.28148881922,1
0.147,0.142,6.54764882125768,1.44938206153929,1149.94577806694,1
0.15,0.142,6.54457653975279,1.59302255663988,1141.85547167112,1
0.153,0.142,6.55321295946575,1.73150942939036,1132.76533977672,1
0.156,0.142,6.57540843613895,1.86035358907181,1122.36708759309,1
0.159,0.142,6.61275251612861,1.97396857918078,1110.28000751413,1
0.162,0.142,6.66622919096191,2.06565162937915,1096.04624416648,1
0.165,0.142,6.73572898391735,2.12775137502928,1079.13683913261,1
0.168,0.142,6.81943743428891,2.15216725982177,1058.97844575928,1
0.171,0.142,6.9132197195697,2.1313503772133,1035.01492955145,1
0.174,0.142,7.01029053978358,2.05990257567565,1006.82056262875,1
0.177,0.142,7.10162503793202,1.93659170665856,974.270955756398,1
0.18,0.142,7.17750750934496,1.76608902992811,937.730160285799,1
0.183,0.142,7.23007032460125,1.55929149112014,898.130701377197,1
0.186,0.142,7.25579912554735,1.33138716840596,856.810041913305,1
0.189,0.142,7.25660048881146,1.09813552234638,815.131501530949,1
0.192,0.142,7.23881708722906,0.872138489485027,774.119165631541,1
0.195,0.142,7.21091493180106,0.660771890998916,734.306857503833,1
0.198,0.142,7.18116770880837,0.466127192668,695.795880131702,1
0.201,0.142,7.15619592841785,0.28619620613519,658.396536480843,1
0.204,0.142,7.14042522942416,0.116349232980395,621.75739248433,1
0.207,0.142,7.13608096571248,-0.0494327007265656,585.454201881114,1
0.21,0.142,7.14330864243952,-0.217656368860489,549.047641266771,1
0.213,0.142,7.16018604933568,-0.394562455254092,512.129201755667,1
0.216,0.142,7.18261471384057,-0.585250817528719,474.375431008816,1
0.219,0.142,7.20430062706458,-0.792483686920952,435.628538507178,1
0.222,0.142,7.21721700131722,-1.01521237080598,396.011061745218,1
0.225,0.142,7.21293761574764,-1.24731075309417,356.048094035176,1
0.228,0.142,7.18482478348963,-1.47742130981936,316.709002808247,1
0.231,0.142,7.13029814478023,-1.69070320447564,279.255312881738,1
0.234,0.142,7.0519227310419,-1.8722505300291,244.893834751404,1
0.237,0.142,6.95656764344426,-2.01066574945747,214.425416127738,1
0.24,0.142,6.85314222731085,-2.10008201604397,188.104342755293,1
0.243,0.142,6.75020620927719,-2.14009647695772,165.729786669476,1
0.246,0.142,6.65444408875373,-2.13432624734657,146.834202203172,1
0.249,0.142,6.57018626251957,-2.08862717145488,130.849109442424,1
0.252,0.142,6.49963481179435,-2.00963758241951,117.210105820714,1
0.255,0.142,6.44337759074302,-1.90384230081386,105.409929179761,1
0.258,0.142,6.40091867415704,-1.77708856147882,95.0178926752232,1
0.261,0.142,6.37110759513683,-1.63441061054148,85.6804661504985,1
0.264,0.142,6.35244338643871,-1.48003698528608,77.1127965419376,1
0.267,0.142,6.34326930236452,-1.31749541411806,69.086980798824,1
0.27,0.142,6.34188431625504,-1.14976585075122,61.4201629554339,1
0.273,0.142,6.34659562152517,-0.979456168647947,53.9638447968539,1
0.276,0.142,6.35573114638691,-0.808989459116411,46.5948695735182,1
0.279,0.142,6.36762586938172,-0.640799953107404,39.208071175823,1
0.282,0.142,6.38059140237315,-0.477538845188015,31.7103781668812,1
0.285,0.142,6.39287493639934,-0.322293364992943,24.0161639342739,1
0.288,0.142,6.40261141646766,-0.178823269427541,16.0442598437807,1
0.291,0.142,6.40777488649788,-0.0518187748981064,7.72173458847329,1
0.294,0.142,6.40616580784106,0.0528193851502177,-0.967139840557744,1
0.297,0.142,6.39570595313181,0.127701797340321,-9.61232680160979,1
0.3,0.142,6.37699296361505,0.163875102817653,-14.744305757315,4
0.0,0.144,6.0,1.0,1375.8445659377,3
0.003,0.144,6.02043190498637,0.567336375989593,1382.31754115876,1
0.006,0.144,6.06672251389484,0.172755287320157,1390.56481929145,1
0.009,0.144,6.13654828176422,-0.180031039599177,1397.489668874,1
0.012,0.144,6.22469422769018,-0.488770080088305,1402.64181106923,1
0.015,0.144,6.32559209995926,-0.752740688389801,1405.9999627773,1
0.018,0.144,6.43393870157365,-0.972642036609151,1407.6446076088,1
0.021,0.144,6.5449764229957,-1.15038371108364,1407.70158141893,1
0.024,0.144,6.65465493315261,-1.28882080283683,1406.3240530435,1
0.027,0.144,6.75970741477099,-1.3914705389123,1403.68046449664,1
0.03,0.144,6.85765611229298,-1.46224019034405,1399.94452798881,1
0.033,0.144,6.94676373876015,-1.50518720211938,1395.28714008286,1
0.036,0.144,7.02594863001989,-1.52432334650902,1389.87031394397,1
0.039,0.144,7.09468034393385,-1.52346676371312,1383.84304844242,1
0.042,0.144,7.15286944417456,-1.50613985699448,1377.33889690656,1
0.045,0.144,7.20076152108634,-1.47550731550382,1370.47491850215,1
0.048,0.144,7.23884188667346,-1.43434676764006,1363.35167808177,1
0.051,0.144,7.26775431332381,-1.38504423741512,1356.05398414854,1
0.054,0.144,7.28823486240063,-1.32960717464519,1348.65210027201,1
0.057,0.144,7.3010602711597,-1.26968892021548,1341.20321890913,1
0.06,0.144,7.30700942779957,-1.20661972837923,1333.75303910701,1
0.063,0.144,7.30683601566874,-1.14144069195814,1326.33733598541,1
0.066,0.144,7.30125029967093,-1.07493799042527,1318.98344806767,1
0.069,0.144,7.2909081338294,-1.0076757595791,1311.71163814195,1
0.072,0.144,7.27640549180697,-0.940026561918636,1304.53630512333,1
0.075,0.144,7.2582770941146,-0.872198939306916,1297.46703956491,1
0.078,0.144,7.23699798336628,-0.804261884471777,1290.50952536516,1
0.081,0.144,7.21298715729025,-0.736166307524782,1283.66629608775,1
0.084,0.144,7.18661259619349,-0.667763727516785,1276.93735721127,1
0.087,0.144,7.15819721340758,-0.598822512061154,1270.32068640816,1
0.09,0.144,7.12802541503095,-0.529042040255484,1263.81262324978,1
0.093,0.144,7.09635008266066,-0.458065190988242,1257.40815800031,1
0.096,0.144,7.06339989438126,-0.385489571919813,1251.10112668894,1
0.099,0.144,7.02938697964012,-0.310877912748447,1244.88431660748,1
0.102,0.144,6.99451496677329,-0.233768056462785,1238.74948283389,1
0.105,0.144,6.95898753085055,-0.153682999366099,1232.68727231711,1
0.108,0.144,6.92301758591085,-0.0701414590730607,1226.68704739038,1
0.111,0.144,6.88683728971888,0.0173305067181184,1220.73659517041,1
0.114,0.144,6.85070903908896,0.1091862454913,1214.82170296003,1
0.117,0.144,6.81493762524398,0.205842949513312,1208.92557228102,1
0.12,0.144,6.77988368384437,0.307663010606354,1203.028035283,1
0.123,0.144,6.7459785007875,0.414931375004032,1197.10452679045,1
0.126,0.144,6.71374010371403,0.527827822116845,1191.12475304382,1
0.129,0.144,6.68379035246827,0.646392911672168,1185.05098438293,1
0.132,0.144,6.65687239939977,0.770486163354471,1178.83588432134,1
0.135,0.144,6.63386736587073,0.899734887643258,1172.41977323634,1
0.138,0.144,6.61580829723559,1.03347204418453,1165.72721459835,1
0.141,0.144,6.60388831274031,1.1706616876958,1158.6628118488,1
0.144,0.144,6.5994582327874,1.30981118546129,1151.10612693903,1
0.147,0.144,6.60400670643978,1.4488708186703,1142.9056990646,1
0.15,0.144,6.61911287592438,1.58512421249294,1133.87229191077,1
0.153,0.144,6.64635796652042,1.71507822959357,1123.77179106468,1
0.156,0.144,6.68717841856132,1.83436991841595,1112.31870188366,1
0.159,0.144,6.74264096529752,1.93772262092332,1099.17208001195,1
0.162,0.144,6.8131234648745,2.01900481984783,1083.93707113917,1
0.165,0.144,6.89790237749458,2.07147220598929,1066.17705599283,1
0.168,0.144,6.99469087671414,2.0882955270292,1045.44345832005,1
0.171,0.144,7.09925126692611,2.06346660244811,1021.33178067026,1
0.174,0.144,7.20531048694854,1.99308424636947,993.57079829332,1
0.177,0.144,7.30507127656204,1.87680445256314,962.140007262192,1
0.18,0.144,7.39050097483868,1.71892857819121,927.379419203719,1
0.183,0.144,7.45519604067683,1.52841770872907,890.017342332477,1
0.186,0.144,7.49612024233951,1.31740227826996,851.049789470284,1
0.189,0.144,7.51435583690071,1.09855281916919,811.497974294761,1
0.192,0.144,7.5144917685905,0.882405856124138,772.170823400412,1
0.195,0.144,7.50305363646812,0.675700876422711,733.547010368609,1
0.198,0.144,7.48678344861415,0.481059757297692,695.787546810039,1
0.201,0.144,7.47137859993139,0.297639873060255,658.81689046626,1
0.204,0.144,7.46084145281043,0.122176874121254,622.412807398684,1
0.207,0.144,7.45726669835327,-0.049989701581312,586.279265161731,1
0.21,0.144,7.46081684438422,-0.224036753902083,550.101899439217,1
0.213,0.144,7.46972422991443,-0.404854438938245,513.595866192671,1
0.216,0.144,7.48030957757758,-0.596178437621837,476.557931333466,1
0.219,0.144,7.48716091805262,-0.799572560486277,438.932013893132,1
0.222,0.144,7.48371381514201,-1.01336024608481,400.887519696669,1
0.225,0.144,7.46341698238101,-1.23187551897231,362.886833192809,1
0.228,0.144,7.42137088897158,-1.44559785998504,325.687865008663,1
0.231,0.144,7.35588521914758,-1.64256775180344,290.226436497315,1
0.234,0.144,7.26918201687181,-1.81083594307499,257.391506235867,1
0.237,0.144,7.16681809805645,-1.94098924625072,227.801903554755,1
0.24,0.144,7.0561308093984,-2.02770230041827,201.702779784142,1
0.243,0.144,6.94449558977737,-2.06990922281138,179.003314847953,1
0.246,0.144,6.83806899702174,-2.06994140279207,159.38912315027,1
0.249,0.144,6.74123626599207,-2.03227197551214,142.436936901338,1
0.252,0.144,6.65661731303508,-1.96236182578893,127.69799421709,1
0.255,0.144,6.58536920852567,-1.86582458120012,114.747306882629,1
0.258,0.144,6.52757310890718,-1.74792639590846,103.207179447546,1
0.261,0.144,6.48258706899375,-1.61334814600263,92.7542425244443,1
0.264,0.144,6.44931929223995,-1.4661239311944,83.117196955782,1
0.267,0.144,6.42641701950682,-1.30968716358173,74.0701107386333,1
0.27,0.144,6.41238314506464,-1.14697862295516,65.4241939759056,1
0.273,0.144,6.40563678992753,-0.980589798381565,57.019635492548,1
0.276,0.144,6.40453280309074,-0.812927818395641,48.7182397804375,1
0.279,0.144,6.4073522234452,-0.646396330415658,40.3971126895552,1
0.282,0.144,6.4122726422362,-0.483591313932616,31.9433873146571,1
0.285,0.144,6.41732466274704,-0.32751321609323,23.2499415428956,1
0.288,0.144,6.42033879748274,-0.181797802608224,14.2127457042915,1
0.291,0.144,6.41889005887784,-0.0509679734895243,4.73590808039076,1
0.294,0.144,6.4102838830335,0.059294568947027,-5.2106730786657,1
0.297,0.144,6.39190145169153,0.141882908156593,-15.1607194710672,1
0.3,0.144,6.36418534928097,0.188198954620573,-21.0762613120442,4
0.0,0.146,6.0,1.0,1385.6103699585,3
0.003,0.146,6.02153536379627,0.545553950988156,1392.40565003231,1
0.006,0.146,6.0700995693912,0.132757987702379,1400.98842635349,1
0.009,0.146,6.14293725340607,-0.234342667764471,1408.08495586548,1
0.012,0.146,6.23424693982252,-0.553405327302748,1413.22526206337,1
0.015,0.146,6.33790537101823,-0.82385303358924,1416.3998558616,1
0.018,0.146,6.44815238861011,-1.04672248634471,1417.71169281567,1
0.021,0.146,6.55990281413888,-1.22439745832915,1417.31411385106,1
0.024,0.146,6.66891696466914,-1.36028326622905,1415.38957790887,1
0.027,0.146,6.77186834122421,-1.45846787875472,1412.13515147967,1
0.03,0.146,6.86632880799529,-1.52340518576513,1407.75074019916,1
0.033,0.146,6.95069353663578,-1.55964385279745,1402.42990447833,1
0.036,0.146,7.02406852951253,-1.57161334953095,1396.35327665207,1
0.039,0.146,7.0861409622041,-1.56346905624344,1389.68436962897,1
0.042,0.146,7.13704813876488,-1.538991642708,1382.56740041354,1
0.045,0.146,7.17725589316423,-1.50153213108902,1375.12668532746,1
0.048,0.146,7.20745274169749,-1.45399264587924,1367.46717168107,1
0.051,0.146,7.22846248040282,-1.39883309109615,1359.67572238311,1
0.054,0.146,7.24117535922097,-1.33809519045229,1351.82284119527,1
0.057,0.146,7.24649636068463,-1.27343694077313,1343.96460062101,1
0.06,0.146,7.24530827122343,-1.20617219718936,1336.14460217618,1
0.063,0.146,7.23844694048056,-1.13731161880333,1328.39585548552,1
0.066,0.146,7.22668618363939,-1.06760245881732,1320.74250707478,1
0.069,0.146,7.2107300405678,-0.997565661978547,1313.20138261131,1
0.072,0.146,7.1912104547107,-0.927529455829247,1305.78332935631,1
0.075,0.146,7.16868880350966,-0.857659131448706,1298.49436069987,1
0.078,0.146,7.14366005956992,-0.787983050022636,1291.33661374823,1
0.081,0.146,7.1165586673723,-0.718415126647404,1284.30913565781,1
0.084,0.146,7.0877654769539,-0.64877416875055,1277.40851607536,1
0.087,0.146,7.05761528445676,-0.578800512434205,1270.62938264333,1
0.09,0.146,7.02640469465692,-0.508170428034511,1263.96477478046,1
0.093,0.146,6.99440014905562,-0.436508772514902,1257.40640833448,1
0.096,0.146,6.96184606148982,-0.363400362682892,1250.94484053306,1
0.099,0.146,6.92897307743572,-0.288400537962544,1244.56954109655,1
0.102,0.146,6.89600652798987,-0.211045380505494,1238.26887148698,1
0.105,0.146,6.86317518823821,-0.130862068115031,1232.02997004061,1
0.108,0.146,6.83072047406055,-0.0473798550852247,1225.8385360982,1
0.111,0.146,6.79890622122448,0.0398577897684342,1219.67850110549,1
0.114,0.146,6.76802918359436,0.131279307830738,1213.53156888052,1
0.117,0.146,6.73843035844697,0.227268789350112,1207.37660071113,1
0.12,0.146,6.71050718786341,0.328146590319992,1201.18881356881,1
0.123,0.146,6.684726583099,0.434145988816425,1194.93875150683,1
0.126,0.146,6.66163855496062,0.54538492897062,1188.59098144549,1
0.129,0.146,6.64188998106271,0.661831790990075,1182.10245558337,1
0.132,0.146,6.62623766407822,0.783264044858792,1175.42047479637,1
0.135,0.146,6.61555928555414,0.909218639894515,1168.48018289062,1
0.138,0.146,6.61086007639974,1.03893313229849,1161.20152463747,1
0.141,0.146,6.61327193591381,1.17127699214946,1153.48561843342,1
0.144,0.146,6.62404026394462,1.30467347775689,1145.21053949972,1
0.147,0.146,6.64449188187503,1.43701426235963,1136.22660175995,1
0.15,0.146,6.67597516169641,1.5655721655878,1126.3513968471,1
0.153,0.146,6.71976115955017,1.68692261456495,1115.36514150855,1
0.156,0.146,6.77689300398087,1.7968927429627,1103.00735594511,1
0.159,0.146,6.84797191901259,1.89056909650071,1088.97659861168,1
0.162,0.146,6.93287571733157,1.96241040647453,1072.93593043241,1
0.165,0.146,7.03042515007619,2.00652717481589,1054.5278732604,1
0.168,0.146,7.13805153147449,2.01719435308032,1033.40353023265,1
0.171,0.146,7.25157636479365,1.98963659060638,1009.27041775581,1
0.174,0.146,7.36527248308892,1.92104009694505,981.960419988909,1
0.177,0.146,7.47238599641573,1.81158839249213,951.509362141844,1
0.18,0.146,7.56618575894931,1.66513836426347,918.220884549156,1
0.183,0.146,7.6413454907306,1.48909160114096,882.670256101396,1
0.186,0.146,7.69517623077208,1.29324290586226,845.615850361392,1
0.189,0.146,7.72816699895556,1.08787988105395,807.83910040863,1
0.192,0.146,7.74359591651712,0.881828860270492,769.985810538065,1
0.195,0.146,7.74644314742779,0.681132740681598,732.47636185917,1
0.198,0.146,7.74210759321852,0.488637809966516,695.498626372662,1
0.201,0.146,7.73535487974339,0.304326996786606,659.053316448191,1
0.204,0.146,7.72966275431296,0.126048019621214,623.015557840051,1
0.207,0.146,7.72690823270507,-0.0496550700573609,587.192502263011,1
0.21,0.146,7.72725902863166,-0.226739055712946,551.372593188317,1
0.213,0.146,7.72916807832967,-0.408886094784589,515.370323552414,1
0.216,0.146,7.72946386227472,-0.598701592060763,479.072488006343,1
0.219,0.146,7.72362576841507,-0.796871883609582,442.489645436063,1
0.222,0.146,7.70637883270916,-1.00139239251326,405.808834387065,1
0.225,0.146,7.67267586800957,-1.20713585691544,369.42938466072,1
0.228,0.146,7.61893055131877,-1.40610621676137,333.949555989819,1
0.231,0.146,7.54410999329203,-1.58856786608619,300.07777406954,1
0.234,0.146,7.45020352043741,-1.74483351227452,268.483114558445,1
0.237,0.146,7.34181800109085,-1.86708964638382,239.648908154568,1
0.24,0.146,7.22508831251971,-1.95059208411436,213.796910604067,1
0.243,0.146,7.10639533521211,-1.99393235840432,190.899301094577,1
0.246,0.146,6.99135086835822,-1.99853673114942,170.745494009994,1
0.249,0.146,6.88425186614251,-1.96779080261796,153.020348344862,1
0.252,0.146,6.78796052495999,-1.90614545920268,137.367997389076,1
0.255,0.146,6.70405387419739,-1.81840287730911,123.434343551641,1
0.258,0.146,6.63308817203391,-1.7092385156787,110.890829354195,1
0.261,0.146,6.57487364110325,-1.58293415409231,99.4447360342066,1
0.264,0.146,6.52870661167422,-1.44326934873337,88.8409423360927,1
0.267,0.146,6.49354135181606,-1.29352040971948,78.8588968369833,1
0.27,0.146,6.46810261166899,-1.13652848572623,69.3073368035397,1
0.273,0.146,6.45094762366713,-0.97481169711609,60.0183039087294,1
0.276,0.146,6.44048811063236,-0.810706859523267,50.8413119251333,1
0.279,0.146,6.43498203502904,-0.646533623609038,41.6380698251074,1
0.282,0.146,6.43250305833623,-0.484778353856764,32.2778969685025,1
0.285,0.146,6.43089373290751,-0.328297509783459,22.6339120807788,1
0.288,0.146,6.42770712189549,-0.180541287339342,12.5808366942934,1
0.291,0.146,6.42014539284296,-0.0457980272868942,2.00139956583671,1
0.294,0.146,6.40504567376154,0.0705435430164355,-9.14755101789766,1
0.297,0.146,6.37927574281645,0.161740293885657,-20.3450634495376,1
0.3,0.146,6.34313409529315,0.219636786085426,-27.0094577116073,4
0.0,0.148,6.0,1.0,1396.20981407791,3
0.003,0.148,6.02276987694285,0.522608251712052,1403.36302996636,1
0.006,0.148,6.07385567687044,0.0908497518392915,1412.31052185078,1
0.009,0.148,6.14999132169302,-0.29086839023718,1419.58017484559,1
0.012,0.148,6.24469718992135,-0.62013292852898,1424.68167796378,1
0.015,0.148,6.35121958794768,-0.896572208782022,1427.62155299417,1
0.018,0.148,6.46329292608231,-1.12164931697912,1428.5311245717,1
0.021,0.148,6.57548556008892,-1.29832308674046,1427.59757212236,1
0.024,0.148,6.68337614003637,-1.43064775301812,1425.03862298113,1
0.027,0.148,6.78360627804246,-1.52336802501533,1421.08508638928,1
0.03,0.148,6.87383752746805,-1.58155164928053,1415.96706852955,1
0.033,0.148,6.95264240414853,-1.61028501702206,1409.90364279363,1
0.036,0.148,7.01935827602674,-1.61444219964461,1403.09584536806,1
0.039,0.148,7.07392834820825,-1.59852616846526,1395.72259554538,1
0.042,0.148,7.11674754505591,-1.56657354834061,1387.9389752819,1
0.045,0.148,7.14852456981002,-1.52211065564748,1379.8762648001,1
0.048,0.148,7.17016587093157,-1.46814782831343,1371.64317828257,1
0.051,0.148,7.18268310397034,-1.40720012077643,1363.32783440252,1
0.054,0.148,7.18712295591221,-1.34132441627674,1355.0001006189,1
0.057,0.148,7.18451666918467,-1.27216526067944,1346.71404945665,1
0.06,0.148,7.17584595597547,-1.20100385183455,1338.51035001431,1
0.063,0.148,7.16202193205931,-1.12880642862682,1330.41848541415,1
0.066,0.148,7.14387397952396,-1.05626973054808,1322.45873720206,1
0.069,0.148,7.12214589271847,-0.983862256892073,1314.64391304438,1
0.072,0.148,7.09749715509438,-0.911860797919798,1306.9808173637,1
0.075,0.148,7.07050766770864,-0.840382204267238,1299.47147870236,1
0.078,0.148,7.04168466811819,-0.769410668833227,1292.11415514003,1
0.081,0.148,7.01147092822814,-0.698820971642229,1284.90414206921,1
0.084,0.148,6.98025360128649,-0.628398225822976,1277.83440660871,1
0.087,0.148,6.94837330827876,-0.557854694344764,1270.89607103318,1
0.09,0.148,6.91613322183076,-0.486844245975503,1264.07876458692,1
0.093,0.148,6.88380803110592,-0.4149750014735,1257.37085943014,1
0.096,0.148,6.85165276290365,-0.341820698453918,1250.75960252935,1
0.099,0.148,6.81991149950257,-0.266931283107732,1244.23115120301,1
0.102,0.148,6.78882607823494,-0.189843223873292,1237.77051581694,1
0.105,0.148,6.75864488492941,-0.110090039454328,1231.36140877629,1
0.108,0.148,6.72963186488788,-0.0272135433038552,1224.98599442375,1
0.111,0.148,6.70207587059433,0.0592236699116243,1218.62452965284,1
0.114,0.148,6.67630044224764,0.149623932839133,1212.25487990768,1
0.117,0.148,6.65267407017538,0.244337794899146,1205.85188973203,1
0.12,0.148,6.63162090870166,0.343644216391493,1199.38658118591,1
0.123,0.148,6.6136317865746,0.44772692277757,1192.8251474516,1
0.126,0.148,6.5992751720798,0.556646110739973,1186.12770322988,1
0.129,0.148,6.58920747789958,0.670304656371075,1179.24674893501,1
0.132,0.148,6.58418170113425,0.788407988983267,1172.12530377682,1
0.135,0.148,6.58505285027473,0.910416914250402,1164.69466623172,1
0.138,0.148,6.59277787117305,1.03549298267602,1156.87177357469,1
0.141,0.148,6.60840680852622,1.16243663705783,1148.55616217777,1
0.144,0.148,6.633060708376,1.28961953831715,1139.6265882142,1
0.147,0.148,6.667890318789,1.41491445816013,1129.93747060108,1
0.15,0.148,6.71400815174391,1.53562934270656,1119.31548713254,1
0.153,0.148,6.77238537350862,1.64845708015618,1107.55691875386,1
0.156,0.148,6.84370524085955,1.749459580187,1094.42672289463,1
0.159,0.148,6.92816815906981,1.83411397135397,1079.66083459237,1
0.162,0.148,7.02525271737354,1.89745868199709,1062.97380405006,1
0.165,0.148,7.1334557632858,1.93438365341685,1044.07443801135,1
0.168,0.148,7.25006491519857,1.94010305241929,1022.69228586695,1
0.171,0.148,7.37105497217895,1.91081686894111,998.616909709226,1
0.174,0.148,7.49122821236971,1.84449649357331,971.748598576779,1
0.177,0.148,7.60470325967155,1.74162175215309,942.151853570611,1
0.18,0.148,7.70576064522477,1.60559575912556,910.092084515012,1
0.183,0.148,7.78987795406851,1.44255876483606,876.029154076439,1
0.186,0.148,7.85462088834161,1.26049387423124,840.55221197144,1
0.189,0.148,7.90004006588644,1.0678270774426,804.271158566063,1
0.192,0.148,7.9284185628089,0.871976058840458,767.708040983991,1
0.195,0.148,7.94350516471788,0.678303910831819,731.229384498347,1
0.198,0.148,7.94955107096841,0.489697989556949,695.031756330244,1
0.201,0.148,7.95044946289014,0.30671595551704,659.166252266335,1
0.204,0.148,7.94913007140025,0.128091620759636,623.580329679591,1
0.207,0.148,7.9472143507516,-0.0486022565996479,588.162266573733,1
0.21,0.148,7.9448663322157,-0.226252634727502,552.782812265855,1
0.213,0.148,7.94078214088978,-0.407501455159037,517.334447293465,1
0.216,0.148,7.93231332655838,-0.594037237454355,481.770496126692,1
0.219,0.148,7.91577378727384,-0.785909446205918,446.144650107837,1
0.222,0.148,7.88699536969797,-0.980969900025021,410.646153141617,1
0.225,0.148,7.84213792606461,-1.17463206900526,375.617674482834,1
0.228,0.148,7.77862353989867,-1.36015698455013,341.537013786679,1
0.231,0.148,7.69591878414207,-1.52954757070642,308.950756751729,1
0.234,0.148,7.5958567167913,-1.67487448666271,278.372476420497,1
0.237,0.148,7.48234858848343,-1.78962045121267,250.184098594036,1
0.24,0.148,7.36060578723117,-1.86960664770337,224.580233656953,1
0.243,0.148,7.23618718872615,-1.91328225458606,201.568274695001,1
0.246,0.148,7.11418739514484,-1.92144595162713,181.007868473528,1
0.249,0.148,6.99873536099716,-1.89664015394287,162.663799909596,1
0.252,0.148,6.8928101336124,-1.84246820560042,146.253723040633,1
0.255,0.148,6.79828582256485,-1.76300045638018,131.483190733566,1
0.258,0.148,6.71609813136715,-1.6623391309956,118.06760192824,1
0.261,0.148,6.64644731405068,-1.54434583117251,105.743643901818,1
0.264,0.148,6.58898572574183,-1.41250430742182,94.2733859517793,1
0.267,0.148,6.54296570125756,-1.26988392767267,83.4437722188754,1
0.27,0.148,6.50734107732679,-1.11917390140569,73.063570562797,1
0.273,0.148,6.48082488145628,-0.962766630430032,62.959169568191,1
0.276,0.148,6.46190953967913,-0.802876478619083,52.9700857636497,1
0.279,0.148,6.44885686200113,-0.641686314640149,42.9446615428093,1
0.282,0.148,6.43966456487654,-0.481518180174533,32.7361866758472,1
0.285,0.148,6.432015013804,-0.325026645224763,22.1996264304011,1
0.288,0.148,6.42321118046218,-0.175414205371347,11.1899774305317,1
0.291,0.148,6.41010965705105,-0.0366675777593518,-0.429898929376023,1
0.294,0.148,6.38910745157847,0.0861898456583783,-12.7150026754055,1
0.297,0.148,6.3565873381498,0.18685627205635,-25.0919202413081,1
0.3,0.148,6.31271225363547,0.257699775194424,-32.4643894710755,4
0.0,0.15,6.0,1.0,1407.73564816642,3
0.003,0.15,6.02415520228485,0.498364127774013,1415.28722848669,1
0.006,0.15,6.07804341029361,0.0468317573935385,1424.63080581538,1
0.009,0.15,6.15779184717921,-0.34979767058534,1432.07140057418,1
0.012,0.15,6.25613428649265,-0.689070082242783,1437.09822568615,1
0.015,0.15,6.36560041668188,-0.970898762058163,1439.73947195221,1
0.018,0.15,6.47936769354961,-1.19728419051987,1440.16241024236,1
0.021,0.15,6.5916430422048,-1.37188235520564,1438.59596359021,1
0.024,0.15,6.69783992766441,-1.49951210891743,1435.30037253388,1
0.027,0.15,6.79460692361279,-1.58567208733761,1430.54618848078,1
0.03,0.15,6.87974631504813,-1.63611639934542,1424.59822832612,1
0.033,0.15,6.95206207587908,-1.65651595015001,1417.70411292047,1
0.036,0.15,7.01117325752495,-1.65221304635462,1410.08701730775,1
0.039,0.15,7.05732133594483,-1.62806326226304,1401.9419577798,1
0.042,0.15,7.09119106738788,-1.58835072350831,1393.43479948154,1
0.045,0.15,7.11375602348148,-1.53675997719266,1384.70318247949,1
0.048,0.15,7.12615333693083,-1.47638795806165,1375.85866996965,1
0.051,0.15,7.12958759485381,-1.40978177767566,1366.98956559862,1
0.054,0.15,7.1252610719579,-1.33899103760064,1358.16399241765,1
0.057,0.15,7.11432618295006,-1.26562636772279,1349.43295458496,1
0.06,0.15,7.09785570035825,-1.19091852149641,1340.83320669992,1
0.063,0.15,7.07682654131661,-1.11577446554369,1332.38983369173,1
0.066,0.15,7.05211348401881,-1.04082847265954,1324.11849927447,1
0.069,0.15,7.0244898369836,-0.966487331200585,1316.02735740156,1
0.072,0.15,6.99463273562936,-0.892969514048077,1308.11864337199,1
0.075,0.15,6.96313132066413,-0.820338601336497,1300.38997324624,1
0.078,0.15,6.93049653774539,-0.748531504937729,1292.83538526081,1
0.081,0.15,6.89717168557363,-0.677382164470156,1285.44615744966,1
0.084,0.15,6.86354313906434,-0.606641423104511,1278.21143346161,1
0.087,0.15,6.82995089910263,-0.535993781407445,1271.11868481695,1
0.09,0.15,6.79669878500106,-0.465071692675251,1264.15403336081,1
0.093,0.15,6.76406420327495,-0.393468019329551,1257.30245291875,1
0.096,0.15,6.73230750768748,-0.320747226909874,1250.54786440232,1
0.099,0.15,6.70168101922511,-0.246455856044718,1243.87313395959,1
0.102,0.15,6.67243780685012,-0.170132786984349,1237.25997924113,1
0.105,0.15,6.64484034435124,-0.0913197976385352,1230.68878442108,1
0.108,0.15,6.61916915699487,-0.0095729152583083,1224.13832021954,1
0.111,0.15,6.59573155341714,0.0755249262776057,1217.58536075946,1
0.114,0.15,6.57487050047107,0.164349388317401,1211.00418463069,1
0.117,0.15,6.55697363622224,0.257217820882051,1204.36594305454,1
0.12,0.15,6.54248232075663,0.354369343412174,1197.63787368073,1
0.123,0.15,6.53190048434245,0.455941275291355,1190.78233461518,1
0.126,0.15,6.52580283234084,0.561941262300037,1183.75563036043,1
0.129,0.15,6.52484168650201,0.672214467734896,1176.50660047998,1
0.132,0.15,6.52975135950911,0.786405293578154,1168.97494467945,1
0.135,0.15,6.54134844838508,0.903913322690188,1161.08926735398,1
0.138,0.15,6.56052576992887,1.02384361092844,1152.76484470048,1
0.141,0.15,6.58823683827482,1.14495223127862,1143.90115453493,1
0.144,0.15,6.62546682613984,1.26558925436376,1134.37927200965,1
0.147,0.15,6.67318495690755,1.38364337205661,1124.05933561061,1
0.15,0.15,6.73227248785027,1.4964954080511,1112.77844179687,1
0.153,0.15,6.80342036304589,1.60099226462211,1100.349547796,1
0.156,0.15,6.88699213764202,1.69345848344627,1086.56225715364,1
0.159,0.15,6.98285233601182,1.76976902382455,1071.18671617509,1
0.162,0.15,7.0901699037197,1.82551230056493,1053.98219906119,1
0.165,0.15,7.207222554506,1.8562730391817,1034.71215925594,1
0.168,0.15,7.33125031430999,1.85805343564257,1013.16729051224,1
0.171,0.15,7.45842995096795,1.8278202110526,989.196975460352,1
0.174,0.15,7.58405223141552,1.76410963819749,962.746663514564,1
0.177,0.15,7.70295936921828,1.66755131305209,933.893666184592,1
0.18,0.15,7.81022340578447,1.54111769213189,902.867811386241,1
0.183,0.15,7.90192975584845,1.38992409580243,870.041287554626,1
0.186,0.15,7.97583287295638,1.22053000544053,835.88037151617,1
0.189,0.15,8.0316525056001,1.03989100771194,800.870057619115,1
0.192,0.15,8.07090675341398,0.854266107330095,765.438136497781,1
0.195,0.15,8.09636213391686,0.668390835673014,729.904307032197,1
0.198,0.15,8.11130571386812,0.485087285429294,694.464141612057,1
0.201,0.15,8.11884997382274,0.305304234022898,659.201553266955,1
0.204,0.15,8.12139958669408,0.128467707389815,624.117058224587,1
0.207,0.15,8.12031463600257,-0.0469969261765181,589.161511346518,1
0.21,0.15,8.11574922496155,-0.223070795289471,554.270137095002,1
0.213,0.15,8.10663806030696,-0.401526711125373,519.395522125543,1
0.216,0.15,8.0908281477231,-0.583323092554614,484.539603811371,1
0.219,0.15,8.06537929747354,-0.768052304410817,449.78357917685,1
0.222,0.15,8.02705644701467,-0.953534319697363,415.311290061998,1
0.225,0.15,7.97298896718611,-1.13568911723311,381.417172682782,1
0.228,0.15,7.90138348774543,-1.30881241023703,348.48793694576,1
0.231,0.15,7.81209440877014,-1.46628157262426,316.953097655817,1
0.234,0.15,7.70685124833321,-1.60155199312321,287.21422319972,1
0.237,0.15,7.58905035029233,-1.70916275498568,259.576881775111,1
0.24,0.15,7.46319000470989,-1.78545889674673,234.209511675018,1
0.243,0.15,7.33415534284281,-1.82886977469763,211.13841749973,1
0.246,0.15,7.20657170455037,-1.83976616813104,190.270822083514,1
0.249,0.15,7.08436195243001,-1.82004341783643,171.43042829511,1
0.252,0.15,6.97053630661389,-1.77260443729628,154.392561005623,1
0.255,0.15,6.86716938856306,-1.70087443293777,138.912183676657,1
0.258,0.15,6.77549236116132,-1.60841712691263,124.74307787945,1
0.261,0.15,6.69603422593242,-1.49867187767406,111.649112749167,1
0.264,0.15,6.62876598175938,-1.37480190487199,99.4094680890403,1
0.267,0.15,6.57322134240365,-1.23963250297101,87.819721751681,1
0.27,0.15,6.5285826181176,-1.09565762218794,76.690392696933,1
0.273,0.15,6.49372959567644,-0.94509750605135,65.8441211539569,1
0.276,0.15,6.46725415047365,-0.789995485438327,55.112290945271,1
0.279,0.15,6.44744548605571,-0.632346712524862,44.3315981785666,1
0.282,0.15,6.43225150168007,-0.474254896014598,33.3408581798614,1
0.285,0.15,6.41922158786936,-0.318114872893891,21.9783109430256,1
0.288,0.15,6.4054361690759,-0.16681926795094,10.0806054543928,1
0.291,0.15,6.38743419688214,-0.023986593886386,-2.50788637618697,1
0.294,0.15,6.36120153837847,0.105795722227677,-15.8529948631884,1
0.297,0.15,6.32266465203093,0.216741001451304,-29.3316905616568,1
0.3,0.15,6.27185626889987,0.301815240627521,-37.3661041604358,4
0.0,0.152,6.0,1.0,1420.29669970275,3
0.003,0.152,6.02571504280756,0.472666668680411,1428.29268703514,1
0.006,0.152,6.08272480332247,0.0004810720076546,1438.06576893138,1
0.009,0.152,6.1664323328038,-0.411333874865417,1445.66992899839,1
0.012,0.152,6.26865600036727,-0.760327195617287,1450.57456527857,1
0.015,0.152,6.38111065813966,-1.04680106978308,1452.83715844655,1
0.018,0.152,6.49636325509142,-1.27343231410822,1452.67070046453,1
0.021,0.152,6.60825089243192,-1.44472181054361,1450.3557414788,1
0.024,0.152,6.71205039798398,-1.56638817316242,1446.20380168244,1
0.027,0.152,6.80447022362025,-1.64479281466995,1440.53216510282,1
0.03,0.152,6.88351757958923,-1.68645296716794,1433.6453696324,1
0.033,0.152,6.94829238116914,-1.69766925166147,1425.8227279965,1
0.036,0.152,6.99875248310372,-1.68427043006309,1417.31112812827,1
0.039,0.152,7.03548316867045,-1.65146236148194,1408.32205252072,1
0.042,0.152,7.05949160521095,-1.60376047444992,1399.03167414926,1
0.045,0.152,7.07203646977417,-1.54498333123456,1389.58298565496,1
0.048,0.152,7.07449523994406,-1.47828683575778,1380.08910772744,1
0.051,0.152,7.06826676508057,-1.40622239339707,1370.63713473137,1
0.054,0.152,7.05470417674091,-1.33080652196139,1361.29207142367,1
0.057,0.152,7.03507229298056,-1.25359325647662,1352.10057618887,1
0.06,0.152,7.01052379719836,-1.17574383482513,1343.09434916583,1
0.063,0.152,6.98208914503274,-1.0980905214554,1334.29309093996,1
0.066,0.152,6.95067604235404,-1.02119309514334,1325.7070153573,1
0.069,0.152,6.91707524306464,-0.945387627491488,1317.33893542932,1
0.072,0.152,6.88197023151345,-0.870827853810428,1309.18596058775,1
0.075,0.152,6.84594903732751,-0.79751981315057,1301.24085191541,1
0.078,0.152,6.80951697350755,-0.725350609967217,1293.49308337581,1
0.081,0.152,6.77310950387653,-0.654112200882591,1285.92965432088,1
0.084,0.152,6.73710475342537,-0.583521088859926,1278.53569359863,1
0.087,0.152,6.7018353962477,-0.51323474919197,1271.29488964752,1
0.09,0.152,6.66759981026361,-0.44286553975601,1264.18977479801,1
0.093,0.152,6.63467249227102,-0.371992775899103,1257.20188601389,1
0.096,0.152,6.60331379396286,-0.300173586070465,1250.3118186852,1
0.099,0.152,6.57377907896847,-0.226953112062729,1243.49918488292,1
0.102,0.152,6.54632741925879,-0.151874579198293,1236.74248267801,1
0.105,0.152,6.52122995028339,-0.0744897372239494,1230.01887865186,1
0.108,0.152,6.4987779895004,0.0056298387469763,1223.3039015134,1
0.111,0.152,6.47929099182329,0.0888800978515502,1216.57104074256,1
0.114,0.152,6.46312436507584,0.17561001540776,1209.79124040002,1
0.117,0.152,6.45067709368923,0.26610473540785,1202.93227475523,1
0.12,0.152,6.44239901204441,0.360565830102017,1195.95798939328,1
0.123,0.152,6.43879741991888,0.45908815330256,1188.82738935605,1
0.126,0.152,6.4404425286912,0.561632791560362,1181.49355533117,1
0.129,0.152,6.4479709533328,0.66799569624966,1173.90237101905,1
0.132,0.152,6.46208610593428,0.777771745976426,1165.99105128664,1
0.135,0.152,6.4835538879837,0.890314295931268,1157.68647411417,1
0.138,0.152,6.51319151595218,1.00469079533214,1148.90334336833,1
0.141,0.152,6.55184666400596,1.11963590144807,1139.54224924883,1
0.144,0.152,6.60036342763139,1.23350482609666,1129.48775561097,1
0.147,0.152,6.65953104043406,1.34423157948229,1118.60673630701,1
0.15,0.152,6.73001108578844,1.44929948045627,1106.7473141659,1
0.153,0.152,6.81223961641575,1.54573484419517,1093.73893067334,1
0.156,0.152,6.90630288966608,1.63013893393174,1079.39428593559,1
0.159,0.152,7.01179038702517,1.69877729192755,1063.51410939198,1
0.162,0.152,7.12763751599491,1.7477476459716,1045.89588537084,1
0.165,0.152,7.25198336725841,1.77324448848256,1026.34763582097,1
0.168,0.152,7.38208460181688,1.77192558532794,1004.70743896936,1
0.171,0.152,7.51433959539571,1.74135872286062,980.86821519112,1
0.174,0.152,7.64447701880727,1.68048566940635,954.805082321583,1
0.177,0.152,7.76793716045697,1.58999443125967,926.599260352709,1
0.18,0.152,7.88041596205909,1.47246446397173,896.449292238404,1
0.183,0.152,7.9784644284506,1.33217424377355,864.660251856611,1
0.186,0.152,8.05997887597251,1.17455207837667,831.60770623784,1
0.189,0.152,8.12442563751781,1.00538076450479,797.684281265141,1
0.192,0.152,8.17272909194647,0.829965166952785,763.245579541827,1
0.195,0.152,8.2068715569746,0.652478398353519,728.571826071745,1
0.198,0.152,8.22933998673858,0.475618277393795,693.852732763207,1
0.201,0.152,8.24256896447419,0.300590377978064,659.193133163846,1
0.204,0.152,8.24848563445051,0.12735057629322,624.631975483111,1
0.207,0.152,8.24820200509696,-0.0449873014782275,590.167589674404,1
0.21,0.152,8.24185821406284,-0.217659391867591,555.78479545111,1
0.213,0.152,8.2286077750079,-0.391730913261718,521.481780791009,1
0.216,0.152,8.20674342968167,-0.567589576762962,487.295628575731,1
0.219,0.152,8.17397134302803,-0.744505490015493,453.32470979806,1
0.222,0.152,8.12783288543276,-0.920333661963868,419.744183515438,1
0.225,0.152,8.06623647949072,-1.09145210996303,386.808616766769,1
0.228,0.152,7.98800499942598,-1.2530091186686,354.835597539861,1
0.231,0.152,7.89329853147248,-1.39947978163527,324.168792486432,1
0.234,0.152,7.78377880277928,-1.52542306906431,295.127872066243,1
0.237,0.152,7.66245677102772,-1.62624405490419,267.960568429208,1
0.24,0.152,7.53327636538417,-1.69876028990204,242.812034405413,1
0.243,0.152,7.40057230891198,-1.74145398592042,219.718047827008,1
0.246,0.152,7.26855522116722,-1.75441037779843,198.618186464166,1
0.249,0.152,7.14092971003769,-1.73903208100352,179.379630444452,1
0.252,0.152,7.020681150463,-1.69764935150958,161.82275215989,1
0.255,0.152,6.91001132031804,-1.63312791855842,145.743046784387,1
0.258,0.152,6.81037628424189,-1.54853739123747,130.927278045478,1
0.261,0.152,6.72257726099797,-1.4469065502012,117.163827544513,1
0.264,0.152,6.64686539245314,-1.33106704140134,104.248226513405,1
0.267,0.152,6.58303487369449,-1.20357464207265,91.9851310717199,1
0.27,0.152,6.53049066855691,-1.06669383924637,80.1879247475852,1
0.273,0.152,6.48828540768372,-0.922432925077334,68.6769127002376,1
0.276,0.152,6.45512530862046,-0.772620147998098,57.2768259719675,1
0.279,0.152,6.42934793571952,-0.619014834296524,45.8141323364008,1
0.282,0.152,6.40887613627297,-0.463449876712472,34.1144802952621,1
0.285,0.152,6.39115313609472,-0.308003200012672,22.0005968452826,1
0.288,0.152,6.37306455495422,-0.155195704136198,9.29196032167215,1
0.291,0.152,6.35086004645055,-0.008211723946287,-4.18436682046205,1
0.294,0.152,6.32014354489507,0.128866239203145,-18.5042711981377,1
0.297,0.152,6.27641332991456,0.250836823490228,-32.9985805539033,1
0.3,0.152,6.2195734080055,0.351332213153925,-41.6441248721948,4
0.0,0.154,6.0,1.0,1434.02146552859,3
0.003,0.154,6.02747798825536,0.445337442990739,1442.51447898633,1
0.006,0.154,6.0879732815819,-0.048452747024036,1452.752231206,1
0.009,0.154,6.17602009340153,-0.475693853257165,1460.50518526397,1
0.012,0.154,6.28236795680519,-0.834001838004426,1465.22485455259,1
0.015,0.154,6.39780546091972,-1.12420378018298,1467.00831763311,1
0.018,0.154,6.51423530693276,-1.34982703074022,1466.12694527935,1
0.021,0.154,6.62512670214623,-1.51639596635775,1462.92528389521,1
0.024,0.154,6.72566471924338,-1.63068599724651,1457.7767103627,1
0.027,0.154,6.81268830962507,-1.70004176300219,1451.05331721612,1
0.03,0.154,6.88448932386191,-1.73182282762683,1443.10482780588,1
0.033,0.154,6.94053944078309,-1.73300048594301,1434.24537360928,1
0.036,0.154,6.98119902884968,-1.70990000023167,1424.74680834413,1
0.039,0.154,7.00744500116895,-1.66806548420715,1414.83696940274,1
0.042,0.154,7.02063847129241,-1.61221795214651,1404.70132995196,1
0.045,0.154,7.02234020149545,-1.54627747674974,1394.48671460396,1
0.048,0.154,7.01417321745034,-1.47342471075207,1384.30605558412,1
0.051,0.154,6.9977270956993,-1.39618276110466,1374.24346548801,1
0.054,0.154,6.974496365673,-1.31650602526728,1364.35915728274,1
0.057,0.154,6.94584521686317,-1.2358673441298,1354.6939389671,1
0.06,0.154,6.91299145446158,-1.15533845540013,1345.27315110907,1
0.063,0.154,6.87700383415089,-1.0756612996152,1336.11000916776,1
0.066,0.154,6.8388081768005,-0.997309423223501,1327.20836995131,1
0.069,0.154,6.79919882782219,-0.920539755299533,1318.56497301755,1
0.072,0.154,6.75885300314879,-0.84543560270561,1310.17122177949,1
0.075,0.154,6.71834633730722,-0.771941970520054,1302.01457198955,1
0.078,0.154,6.67816853496652,-0.69989438701776,1294.07959174719,1
0.081,0.154,6.63873845544188,-0.629042376747408,1286.34875030181,1
0.084,0.154,6.60041826246276,-0.559068635088638,1278.80298467672,1
0.087,0.154,6.56352647887338,-0.489604846895933,1271.42208469047,1
0.09,0.154,6.52834992269592,-0.420244980489544,1264.18492893435,1
0.093,0.154,6.49515458663969,-0.350556787325336,1257.0695969675,1
0.096,0.154,6.46419557219852,-0.280092152426335,1250.05337649626,1
0.099,0.154,6.43572621218363,-0.208396872867136,1243.11267857636,1
0.102,0.154,6.41000651859526,-0.135020390990178,1236.22286882542,1
0.105,0.154,6.38731107992366,-0.0595259740993638,1229.35801815472,1
0.108,0.154,6.36793650461793,0.0184981892024015,1222.49057253399,1
0.111,0.154,6.35220846473979,0.0994265171725912,1215.59093774032,1
0.114,0.154,6.34048833291307,0.183581733827618,1208.62697192467,1
0.117,0.154,6.33317932184817,0.271218289278351,1201.56337626371,1
0.12,0.154,6.33073192234286,0.362503063901712,1194.36097218899,1
0.123,0.154,6.33364828435827,0.457492949156311,1186.97585313096,1
0.126,0.154,6.34248498679348,0.556108963728347,1179.35840008064,1
0.129,0.154,6.35785338478894,0.658106689420024,1171.45215462953,1
0.132,0.154,6.38041640029092,0.763043031682984,1163.19255207946,1
0.135,0.154,6.41088022937147,0.87023967376269,1154.5055329584,1
0.138,0.154,6.44997898844154,0.978744166893705,1145.30607688117,1
0.141,0.154,6.49844984619147,1.08729046601353,1135.49674206264,1
0.144,0.154,6.55699576892284,1.19426197934275,1124.96635151661,1
0.147,0.154,6.62623279826782,1.29766194682146,1113.58904763121,1
0.15,0.154,6.70661904948354,1.39509824913875,1101.22404327974,1
0.153,0.154,6.79836378553969,1.48379250034178,1087.71652781291,1
0.156,0.154,6.90131757298052,1.56062614035134,1072.90032756752,1
0.159,0.154,7.01484933710131,1.62223836904619,1056.6030415245,1
0.162,0.154,7.13772360609107,1.66519055769273,1038.65441253391,1
0.165,0.154,7.26800110454309,1.68620680173106,1018.89855086452,1
0.168,0.154,7.40299618065642,1.68248767451241,997.21014826279,1
0.171,0.154,7.53933076395318,1.65207212387424,973.513820375309,1
0.174,0.154,7.67311948301801,1.59419264261265,947.804063115315,1
0.177,0.154,7.8002969871074,1.50954010014622,920.161201663283,1
0.18,0.154,7.91705513479786,1.40034351090742,890.757103156491,1
0.183,0.154,8.02030635416341,1.27019479500569,859.84508834489,1
0.186,0.154,8.10805569227708,1.12361467411876,827.732801718011,1
0.189,0.154,8.17957386535457,0.965442165134965,794.743635151509,1
0.192,0.154,8.23532159670478,0.800194127290967,761.177550594321,1
0.195,0.154,8.27665517121269,0.631547525785871,727.282033653811,1
0.198,0.154,8.30540377436887,0.462045383470507,693.238776194674,1
0.201,0.154,8.32342581714681,0.293051493979912,659.165492541658,1
0.204,0.154,8.33222892493635,0.124917790356878,625.128586468371,1
0.207,0.154,8.33270038355267,-0.0426996721541302,591.161860776813,1
0.21,0.154,8.32496406758638,-0.210440224367895,557.287677525257,1
0.213,0.154,8.3083654956582,-0.378806877516644,523.538335263457,1
0.216,0.154,8.28158467731017,-0.547750367283693,489.97604798806,1
0.219,0.154,8.24287550106506,-0.71632045582824,456.709563983208,1
0.222,0.154,8.19041879807406,-0.882446755063956,423.904402574551,1
0.225,0.154,8.12274859914612,-1.04291416203298,391.782731355261,1
0.228,0.154,8.03917470953888,-1.19357582275569,360.609481075344,1
0.231,0.154,7.9401000921372,-1.32979190427608,330.664652735095,1
0.234,0.154,7.82714211941462,-1.44701013779005,302.207300269956,1
0.237,0.154,7.70301964927219,-1.54134977556655,275.441131524265,1
0.24,0.154,7.5712420691253,-1.61004800236134,250.491472119572,1
0.243,0.154,7.43569421486281,-1.65168081543612,227.398241673578,1
0.246,0.154,7.30022563757019,-1.66614871680016,206.12318399717,1
0.249,0.154,7.16832568381514,-1.65448159152618,186.56571176815,1
0.252,0.154,7.04291999047218,-1.61854511913755,168.581379612987,1
0.255,0.154,6.9262831670952,-1.56072564912841,151.998769974276,1
0.258,0.154,6.82003866688412,-1.48364729332996,136.632711997436,1
0.261,0.154,6.72521000872454,-1.38994921489563,122.293343414353,1
0.264,0.154,6.6422915479652,-1.28213127533253,108.7914221881,1
0.267,0.154,6.5713155007098,-1.16246458347508,95.9406714773743,1
0.27,0.154,6.51190067530874,-1.0329587478438,83.5580093142467,1
0.273,0.154,6.4632754624454,-0.895377300537087,71.4624300469198,1
0.276,0.154,6.42427273318931,-0.751294562185616,59.4731629056525,1
0.279,0.154,6.39329773760186,-0.602189506152484,47.4075829454402,1
0.282,0.154,6.36827235432401,-0.449573916155833,35.0792236322467,1
0.285,0.154,6.34656050822714,-0.29515274051372,22.2962635470496,1
0.288,0.154,6.32488116429522,-0.141013798565493,8.86193614299956,1
0.291,0.154,6.29922333956243,0.0101582024254324,-5.41308713412559,1
0.294,0.154,6.26483803710563,0.154853278376164,-20.6142810151827,1
0.297,0.154,6.21682218722287,0.288522461227749,-36.0304265756796,1
0.3,0.154,6.15494802353462,0.405526781911695,-45.2322143214902,4
0.0,0.156,6.0,1.0,1449.06272341107,3
0.003,0.156,6.02947871946592,0.416169906096837,1458.11308801048,1
0.006,0.156,6.09387601309781,-0.100251408914214,1468.85179652075,1
0.009,0.156,6.18667796015356,-0.543106484934998,1476.72828018736,1
0.012,0.156,6.29738200959351,-0.910170055983354,1481.18007444674,1
0.015,0.156,6.41572501899559,-1.20297247896189,1482.35786243705,1
0.018,0.156,6.5328945938031,-1.42611033061732,1480.60784074477,1
0.021,0.156,6.64200957341129,-1.58634695589054,1476.35403228614,1
0.024,0.156,6.73823000218991,-1.69169569872222,1470.04437167473,1
0.027,0.156,6.8186179603237,-1.75061551510375,1462.11497712985,1
0.03,0.156,6.88184760907508,-1.77138703539985,1452.96656145057,1
0.033,0.156,6.92785014018487,-1.76168528519724,1442.9509828925,1
0.036,0.156,6.95745791674687,-1.72833042477685,1432.36576837935,1
0.039,0.156,6.97208793633114,-1.67718031269696,1421.45431098007,1
0.042,0.156,6.97348378255301,-1.61312442529795,1410.40967345246,1
0.045,0.156,6.96352012190375,-1.54014249153784,1399.38035013932,1
0.048,0.156,6.94406465326383,-1.46139869850174,1388.47679568007,1
0.051,0.156,6.91688803168027,-1.37935049203967,1377.77793421966,1
0.054,0.156,6.88361112436052,-1.2958582156836,1367.33718272719,1
0.057,0.156,6.84567965227013,-1.21228747154142,1357.18775340434,1
0.06,0.156,6.80435782960646,-1.12960011294052,1347.3471548487,1
0.063,0.156,6.76073440621589,-1.04843243404663,1337.8209067006,1
0.066,0.156,6.71573620087056,-0.969160734894298,1328.60553475474,1
0.069,0.156,6.67014563426135,-0.891955322000487,1319.69093708475,1
0.072,0.156,6.62461989138747,-0.816824407118197,1311.06221737115,1
0.075,0.156,6.57971018425609,-0.743649475938232,1302.701076974,1
0.078,0.156,6.53588019235084,-0.672213643076973,1294.58684743142,1
0.081,0.156,6.49352318024899,-0.602224373058941,1286.69723318144,1
0.084,0.156,6.45297757489374,-0.533331780596208,1279.00882225437,1
0.087,0.156,6.41454096732087,-0.465143556872128,1271.49741144966,1
0.09,0.156,6.37848261460008,-0.397237417292562,1264.13818252546,1
0.093,0.156,6.34505457923298,-0.329171837160997,1256.90575730084,1
0.096,0.156,6.31450167074964,-0.26049573677671,1249.77415222909,1
0.099,0.156,6.28707035820658,-0.190757695535723,1242.71664679854,1
0.102,0.156,6.26301680922616,-0.119515213227598,1235.70557488055,1
0.105,0.156,6.24261418458402,-0.0463444925704636,1228.71204371472,1
0.108,0.156,6.22615927816842,0.0291488137067818,1221.70558147758,1
0.111,0.156,6.21397853942118,0.107317469628865,1214.6537112592,1
0.114,0.156,6.20643344641515,0.188458732906913,1207.52144678656,1
0.117,0.156,6.20392510829843,0.272798259185655,1200.27070349738,1
0.12,0.156,6.2068978604058,0.360471483363993,1192.8596178365,1
0.123,0.156,6.21584146743242,0.451502184368157,1185.24176834871,1
0.126,0.156,6.23129136298872,0.545778037365508,1177.36529495067,1
0.129,0.156,6.25382612206163,0.64302311950629,1169.17191866418,1
0.132,0.156,6.28406108450494,0.74276759384601,1160.59587446392,1
0.135,0.156,6.32263672877266,0.844315193338448,1151.56278657933,1
0.138,0.156,6.37020005693706,0.946709715785027,1141.98854092605,1
0.141,0.156,6.42737694211295,1.04870258301749,1131.77824604371,1
0.144,0.156,6.49473319768683,1.14872467476926,1120.82542471156,1
0.147,0.156,6.57272220769218,1.24486715960764,1109.01164518894,1
0.15,0.156,6.66161754867855,1.33487788800357,1096.20688318513,1
0.153,0.156,6.76143047300248,1.41618192389494,1082.27099735822,1
0.156,0.156,6.87181482294645,1.48593655776917,1067.05678714162,1
0.159,0.156,6.99196628208783,1.54113186426582,1050.41515196465,1
0.162,0.156,7.1205289359463,1.5787462475355,1032.2028346761,1
0.165,0.156,7.25552927287092,1.59596075138937,1012.29303336329,1
0.168,0.156,7.39436408869469,1.59042456858675,990.588706978542,1
0.171,0.156,7.53387069967934,1.56054674903197,967.037587161309,1
0.174,0.156,7.67050069696817,1.50576812491341,941.646732231418,1
0.177,0.156,7.80059844518396,1.42675000898519,914.493164960025,1
0.18,0.156,7.9207537023458,1.32541336071996,885.726410295951,1
0.183,0.156,8.02816351709566,1.20478416170564,855.559610741383,1
0.186,0.156,8.12091857424226,1.06864854371668,824.248929345725,1
0.189,0.156,8.19813853073355,0.92107964264318,792.065248754256,1
0.192,0.156,8.25992103002566,0.765940690037904,759.265357563301,1
0.195,0.156,8.30712322992268,0.606474200099252,726.069810389793,1
0.198,0.156,8.34103783279934,0.445054657055384,692.651609853895,1
0.201,0.156,8.36304137260172,0.283131377270844,659.135940079919,1
0.204,0.156,8.37428188581513,0.121343375844053,625.608505085652,1
0.207,0.156,8.37544944802379,-0.0402373259040804,592.129223203611,1
0.21,0.156,8.36665068205656,-0.201784300026498,558.748458236986,1
0.213,0.156,8.3473943881525,-0.363364994240505,525.523685486687,1
0.216,0.156,8.31668864277812,-0.524604000794161,492.53487248878,1
0.219,0.156,8.27324361560117,-0.684408428687512,459.896705871763,1
0.222,0.156,8.21576216566051,-0.840805621301257,427.765302627,1
0.225,0.156,8.14327971740719,-0.990939173197509,396.336772119381,1
0.228,0.156,8.05549172223702,-1.13124797039116,365.835781697245,1
0.231,0.156,7.95299431518231,-1.25781237354658,336.494687701842,1
0.234,0.156,7.83737497045697,-1.36680279062457,308.527251238838,1
0.237,0.156,7.71112769168798,-1.45493101405928,282.103550783263,1
0.24,0.156,7.57741771991593,-1.51980359782097,257.332499450967,1
0.243,0.156,7.43976074450114,-1.56011124233161,234.255283327677,1
0.246,0.156,7.30169423142995,-1.57564071864236,212.849020909808,1
0.249,0.156,7.16650328107038,-1.56714177942707,193.03722535036,1
0.252,0.156,7.03703331907911,-1.53610542482796,174.703032837833,1
0.255,0.156,6.91559227159282,-1.48451099474198,157.70202474528,1
0.258,0.156,6.80392501111732,-1.41458635058598,141.87280698138,1
0.261,0.156,6.70323452292614,-1.32860785113926,127.044657082198,1
0.264,0.156,6.61422451718666,-1.22875166194109,113.042297501843,1
0.267,0.156,6.53714301730705,-1.11699789538102,99.6882433080781,1
0.27,0.156,6.47181259174362,-0.995084094112486,86.8033185579367,1
0.273,0.156,6.41763860184856,-0.864503292127326,74.2059426069156,1
0.276,0.156,6.3735915050919,-0.726542703864637,61.7107270458615,1
0.279,0.156,6.33816290979368,-0.582360602245626,49.1268367245053,1
0.282,0.156,6.30929794409765,-0.433100087528634,36.2564859202947,1
0.285,0.156,6.28430878915816,-0.280038490126778,22.8939946847231,1
0.288,0.156,6.25977672085241,-0.124769691705852,8.8269755940592,1
0.291,0.156,6.2314591904165,0.0305864695436905,-6.14970113818238,1
0.294,0.156,6.19428276342885,0.1831593162438,-22.1310028067598,1
0.297,0.156,6.14296786826063,0.32911694143662,-38.368387164659,1
0.3,0.156,6.07714674235223,0.463607048897198,-48.0679925667137,4
0.0,0.158,6.0,1.0,1465.60351528452,3
0.003,0.158,6.03175955745925,0.384923773027645,1475.28057466768,1
0.006,0.158,6.100536753145,-0.155231927225035,1486.55649884458,1
0.009,0.158,6.19854584889783,-0.613809580791097,1494.51636778724,1
0.012,0.158,6.31381295260739,-0.988873984816199,1498.59069871418,1
0.015,0.158,6.43488357407977,-1.28289335809033,1499.00290350396,1
0.018,0.158,6.55218721436883,-1.50180826848237,1496.19543699202,1
0.021,0.158,6.65853279830563,-1.65388010141296,1490.69114778651,1
0.024,0.158,6.74915092561221,-1.74856693087411,1483.02766893886,1
0.027,0.158,6.82144637128846,-1.79558139998708,1473.71548281254,1
0.03,0.158,6.87459348953558,-1.80419902227891,1463.21221492149,1
0.033,0.158,6.90908255532987,-1.7828188214721,1451.90983570663,1
0.036,0.158,6.92629146564721,-1.73873836057981,1440.13140041487,1
0.039,0.158,6.92812389004305,-1.67808915565626,1428.13410561649,1
0.042,0.158,6.91672876475605,-1.60587872978461,1416.11598462997,1
0.045,0.158,6.89429897618746,-1.52609440682662,1404.22425229842,1
0.048,0.158,6.86293808889295,-1.4418355884327,1392.56395973914,1
0.051,0.158,6.8245807503029,-1.35545228451467,1381.20614816823,1
0.054,0.158,6.78095266082675,-1.2686765566722,1370.19507856892,1
0.057,0.158,6.73355796972013,-1.18273996481199,1359.55437486209,1
0.06,0.158,6.68368449588972,-1.09847436359337,1349.2920790395,1
0.063,0.158,6.63241963855927,-1.01639597485169,1339.40470539441,1
0.066,0.158,6.58067194404528,-0.936774063845083,1329.88042150117,1
0.069,0.158,6.52919494846708,-0.859686182538724,1320.70149429639,1
0.072,0.158,6.47861114604997,-0.785062115855414,1311.84613343781,1
0.075,0.158,6.42943480731925,-0.712718584170046,1303.28984958853,1
0.078,0.158,6.38209296933804,-0.642386549971345,1295.00642764935,1
0.081,0.158,6.33694431290299,-0.573732728307163,1286.96859724209,1
0.084,0.158,6.29429588809005,-0.506376653934587,1279.1484664693,1
0.087,0.158,6.25441779486568,-0.439904435409151,1271.51777078159,1
0.09,0.158,6.21755600266154,-0.373880136805786,1264.0479767997,1
0.093,0.158,6.18394352505915,-0.307855573022656,1256.71027102313,1
0.096,0.158,6.15381016871284,-0.2413791824128,1249.47545525021,1
0.099,0.158,6.1273910594028,-0.174004546708145,1242.31376394676,1
0.102,0.158,6.10493411856758,-0.105299058003661,1235.1946134605,1
0.105,0.158,6.08670662368328,-0.0348531808766332,1228.08628866298,1
0.108,0.158,6.07300093601635,0.0377092806907328,1220.95556914863,1
0.111,0.158,6.06413941839568,0.112719532563241,1213.76729444688,1
0.114,0.158,6.06047849115175,0.190450405952603,1206.48386581119,1
0.117,0.158,6.06241168259362,0.271100924237553,1199.06468114948,1
0.12,0.158,6.0703714169505,0.3547785565208,1191.4654997942,1
0.123,0.158,6.08482914302233,0.441478971392766,1183.63773548448,1
0.126,0.158,6.10629323704986,0.531063226521969,1175.52767975419,1
0.129,0.158,6.1353039120723,0.623232517534138,1167.07566474674,1
0.132,0.158,6.17242413686467,0.71750089101298,1158.21518544581,1
0.135,0.158,6.21822532330334,0.813166735793766,1148.87201785287,1
0.138,0.158,6.27326631032012,0.909284443754676,1138.96339340977,1
0.141,0.158,6.33806400905858,1.00463841624944,1128.39732264147,1
0.144,0.158,6.41305406789803,1.09772261456732,1117.07220383073,1
0.147,0.158,6.49854020799469,1.18673010874273,1104.8769055088,1
0.15,0.158,6.59463166903343,1.26955849350525,1091.6915719229,1
0.153,0.158,6.70116974210021,1.34383840736746,1077.38946085113,1
0.156,0.158,6.81764691125396,1.40699329777167,1061.84016792385,1
0.159,0.158,6.94312583344814,1.45633832949025,1044.91459483988,1
0.162,0.158,7.07617010215911,1.48922395310774,1026.49194094071,1
0.165,0.158,7.21480369497546,1.50322401988715,1006.46878578094,1
0.168,0.158,7.35651952085952,1.49635865588304,984.76992691935,1
0.171,0.158,7.49835692742678,1.46732875516232,961.360006073541,1
0.174,0.158,7.63706043234714,1.41572448448607,936.254144160083,1
0.177,0.158,7.76931560509073,1.34215999481941,909.52503639403,1
0.18,0.158,7.89203485263226,1.24828786639361,881.303700731048,1
0.183,0.158,8.00264297177698,1.13666534759297,851.771898545061,1
0.186,0.158,8.0993005510895,1.01047916348797,821.146366360842,1
0.189,0.158,8.18101152183732,0.873175860062753,789.65775156411,1
0.192,0.158,8.24758943749999,0.728073499938328,757.529123497503,1
0.195,0.158,8.29949460953315,0.57803491676016,724.958967177413,1
0.198,0.158,8.33758534604668,0.425261943238475,692.111726767512,1
0.201,0.158,8.3628403331856,0.271235556913308,659.116446380062,1
0.204,0.158,8.37610504895846,0.11679390777496,626.072132598492,1
0.207,0.158,8.37790043165156,-0.0376815798721918,593.057644014505,1
0.21,0.158,8.36831580786425,-0.19201130006455,560.143937470033,1
0.213,0.158,8.34699556688065,-0.345934863083331,527.406830377283,1
0.216,0.158,8.31322033919038,-0.49884167739847,494.938660429207,1
0.219,0.158,8.26607514672628,-0.649555888400022,462.857190669592,1
0.222,0.158,8.20468552150739,-0.796215872240378,431.309942839073,1
0.225,0.158,8.12848729302173,-0.936281109150891,400.472210699793,1
0.228,0.158,8.03748092598174,-1.06668047266661,370.537782017596,1
0.231,0.158,7.93241525029061,-1.18408570478177,341.703111461754,1
0.234,0.158,7.81485575468962,-1.28526021761768,314.147883489383,1
0.237,0.158,7.68711988446521,-1.36741043935724,288.016445116506,1
0.24,0.158,7.55209677865441,-1.42846651735405,263.404411267714,1
0.243,0.158,7.4129970652885,-1.46724234698549,240.352823287102,1
0.246,0.158,7.27308880745671,-1.48346071607511,218.849677271421,1
0.249,0.158,7.13546731595802,-1.47766241755659,198.836742691285,1
0.252,0.158,7.00288671936586,-1.45103777408463,180.218950357637,1
0.255,0.158,6.87765978027931,-1.40522310579604,162.874000939806,1
0.258,0.158,6.76161640464711,-1.34209770800597,146.660658728241,1
0.261,0.158,6.65610289628219,-1.26360529218818,131.424998794033,1
0.264,0.158,6.56200213655464,-1.1716126342341,117.004468864094,1
0.267,0.158,6.4797570668198,-1.06780998921047,103.229987952181,1
0.27,0.158,6.409383854275,-0.953653251815079,89.9264850951697,1
0.273,0.158,6.35046548416441,-0.830346258896469,76.912348166308,1
0.276,0.158,6.30212060971719,-0.698861960706715,63.9982548669401,1
0.279,0.158,6.26294619557644,-0.560002273497572,50.985826274483,1
0.282,0.158,6.23093588590892,-0.414497206474661,37.666504484652,1
0.285,0.158,6.20337918382775,-0.263143448923838,23.8211425998234,1
0.288,0.158,6.1767500782065,-0.106980408630445,9.22200170934855,1
0.291,0.158,6.14660422568697,0.0525025485550066,-6.35166286930301,1
0.294,0.158,6.10757158535844,0.213140913135766,-23.0046654265807,1
0.297,0.158,6.05401834623652,0.371883118245615,-39.956508480896,1
0.3,0.158,5.98542268605822,0.524717542480036,-50.0924177346323,4
0.0,0.16,6.0,1.0,1483.86499901417,3
0.003,0.16,6.03437246580553,0.351318103757512,1494.24861607987,1
0.006,0.16,6.10807925331368,-0.213750762428798,1506.09600925582,1
0.009,0.16,6.21178186781658,-0.688044223222696,1514.07798800054,1
0.012,0.16,6.33177255378792,-1.07010425972223,1517.62970906548,1
0.015,0.16,6.45525298708581,-1.36364629092541,1517.07355206415,1
0.018,0.16,6.57186711358239,-1.5763000844523,1512.97621794318,1
0.021,0.16,6.67418740118693,-1.71813489036783,1505.98349230341,1
0.024,0.16,6.75764819612658,-1.80028619016821,1496.74056052928,1
0.027,0.16,6.82014884801583,-1.83386350542214,1485.84357441927,1
0.03,0.16,6.8615036667202,-1.82919967039889,1473.81273702657,1
0.033,0.16,6.88287215103727,-1.79541884085878,1461.08155096151,1
0.036,0.16,6.88625236497141,-1.74025757612997,1447.99719242269,1
0.039,0.16,6.87407580528054,-1.67006208968857,1434.82762516842,1
0.042,0.16,6.84891061944578,-1.58989254271076,1421.77208481698,1
0.045,0.16,6.81326194966563,-1.50368110221672,1408.97261177389,1
0.048,0.16,6.76945045632693,-1.41440727305498,1396.52519755238,1
0.051,0.16,6.71954893588518,-1.32426819119176,1384.48977213173,1
0.054,0.16,6.66535923903016,-1.23483203373426,1372.8987101199,1
0.057,0.16,6.60841528017041,-1.14716967761413,1361.76381201855,1
0.06,0.16,6.55000158888865,-1.0619639637457,1351.08187097262,1
0.063,0.16,6.49118001718025,-0.979598208469679,1340.83900656618,1
0.066,0.16,6.43281970323431,-0.900226635036397,1331.01396750479,1
0.069,0.16,6.37562722542288,-0.82382968176233,1321.58059688893,1
0.072,0.16,6.3201751649742,-0.750257022991778,1312.5096318816,1
0.075,0.16,6.26692815774918,-0.679260829638383,1303.76998278401,1
0.078,0.16,6.21626606898091,-0.610521424360009,1295.32960980296,1
0.081,0.16,6.16850426251803,-0.543667120774723,1287.15609156784,1
0.084,0.16,6.12391112809208,-0.478289709337153,1279.21695868601,1
0.087,0.16,6.08272312677188,-0.413956776690305,1271.47984843576,1
0.09,0.16,6.04515765089477,-0.35022182144247,1263.91252279528,1
0.093,0.16,6.01142399358337,-0.286632952864402,1256.48278093629,1
0.096,0.16,5.98173269932038,-0.22274082317176,1249.15828858151,1
0.099,0.16,5.95630352992523,-0.158106341495495,1241.90633978402,1
0.102,0.16,5.93537223452257,-0.0923086411851493,1234.69356135454,1
0.105,0.16,5.91919625972173,-0.0249537149834032,1227.48556604329,1
0.108,0.16,5.90805947723713,0.0443159115949215,1220.24655747221,1
0.111,0.16,5.90227593913449,0.115810136101515,1212.93888759759,1
0.114,0.16,5.90219259333602,0.189778569837288,1205.52256614919,1
0.117,0.16,5.90819080087314,0.266395915564209,1197.95472113254,1
0.12,0.16,5.92068638836622,0.345745248916417,1190.1890103148,1
0.123,0.16,5.94012784153934,0.427799114573642,1182.17498599865,1
0.126,0.16,5.96699209697282,0.512398487714569,1173.85741984919,1
0.129,0.16,6.00177722168922,0.599229854756235,1165.17560177975,1
0.132,0.16,6.04499109129095,0.687800957928102,1156.06263781336,1
0.135,0.16,6.09713500461422,0.777416152152967,1146.44478744862,1
0.138,0.16,6.15868103868413,0.867152866957299,1136.24090243484,1
0.141,0.16,6.23004190660693,0.955841372077924,1125.36205684436,1
0.144,0.16,6.3115322171066,1.04205091686134,1113.71149309193,1
0.147,0.16,6.4033204677369,1.12408631603304,1101.18504882706,1
0.15,0.16,6.50537198932071,1.20000008345527,1087.67227158395,1
0.153,0.16,6.61738456879912,1.26762605376105,1073.05846377476,1
0.156,0.16,6.7387207501886,1.32464070327378,1057.22791623286,1
0.159,0.16,6.86834385495289,1.36865752618061,1040.06856275074,1
0.162,0.16,7.00476829094891,1.39735713584576,1021.47819172423,1
0.165,0.16,7.14603797318882,1.40865057278802,1001.37214975462,1
0.168,0.16,7.28974829473263,1.40086534616687,979.692135929785,1
0.171,0.16,7.43312520245454,1.37293372869521,956.415211429673,1
0.174,0.16,7.57316777078676,1.32455303736096,931.561601629497,1
0.177,0.16,7.70684766633838,1.25628202162465,905.199428861977,1
0.18,0.16,7.83134208761515,1.16954072402882,877.444491500612,1
0.183,0.16,7.94426138898213,1.06649628784959,848.453913371017,1
0.186,0.16,8.04382572937657,0.949842539595521,818.413972408352,1
0.189,0.16,8.12895199757548,0.822509230189512,787.524214020859,1
0.192,0.16,8.19923251106115,0.68735673176051,755.981213288322,1
0.195,0.16,8.25481349786561,0.546915487800253,723.965396487159,1
0.198,0.16,8.29620408609829,0.40321591309131,691.63319273035,1
0.201,0.16,8.32405809625123,0.25773062519446,659.115139572206,1
0.204,0.16,8.33897016970219,0.111426503694138,626.519187907555,1
0.207,0.16,8.34131871253744,-0.0350939833561283,593.937720158126,1
0.21,0.16,8.3311763637387,-0.181392688966277,561.45663158535,1
0.213,0.16,8.30829796219479,-0.326971354983745,529.164932254966,1
0.216,0.16,8.27218698809838,-0.471058218658171,497.163446305102,1
0.219,0.16,8.22223270376896,-0.612440568208263,465.571211901741,1
0.222,0.16,8.15790003630027,-0.749375233811811,434.528195627051,1
0.225,0.16,8.07894281873709,-0.879600772502328,404.193152431691,1
0.228,0.16,7.98560147638284,-1.00045917831786,374.736144354029,1
0.231,0.16,7.87874381898752,-1.10911227372241,346.326448541588,1
0.234,0.16,7.7599165265884,-1.20281437742074,319.118004356576,1
0.237,0.16,7.63129485801552,-1.27918740769951,293.235485305461,1
0.24,0.16,7.49554283201491,-1.33644445449632,268.763939035266,1
0.243,0.16,7.35561630879602,-1.37352355627928,245.743716580466,1
0.246,0.16,7.21454989527954,-1.39011816901885,224.170746274693,1
0.249,0.16,7.07526416665603,-1.38661474495968,204.000883297329,1
0.252,0.16,6.94041659790166,-1.36396349325055,185.156496039659,1
0.255,0.16,6.81230418419149,-1.32351354022076,167.533564543737,1
0.258,0.16,6.69281302666499,-1.26684053624267,151.008046793053,1
0.261,0.16,6.58340239785147,-1.19558731556893,135.440818384142,1
0.264,0.16,6.48510781168486,-1.11133017528973,120.68094603884,1
0.267,0.16,6.39854803837182,-1.01547697323921,106.567369626234,1
0.27,0.16,6.32392331708187,-0.909199410387823,92.9292583602732,1
0.273,0.16,6.26099515430568,-0.793400426350881,79.5854117170802,1
0.276,0.16,6.2090415357219,-0.668717911187378,66.3431274317921,1
0.279,0.16,6.16678501914738,-0.535566972634724,52.9969783964215,1
0.282,0.16,6.13229506058713,-0.394223728963784,39.3279474525564,1
0.285,0.16,6.1028700515071,-0.244952956551774,25.1034932083532,1
0.288,0.16,6.07490939386392,-0.0881790330455194,10.0803819912943,1
0.291,0.16,6.04379794977393,0.0753059627217011,-5.97805111958912,1
0.294,0.16,6.00389625243283,0.24411185566917,-23.1873674064394,1
0.297,0.16,5.94923538682938,0.416030687123185,-40.7411651956742,1
0.3,0.16,5.87911883757958,0.587942954724704,-51.2491343773575,4
0.0,0.162,6.0,1.0,1504.11688034044,3
0.003,0.162,6.03738164829243,0.315022793200472,1515.299102464,1
0.006,0.162,6.11665127242507,-0.276207710148609,1527.74689999472,1
0.009,0.162,6.22656237244119,-0.766045141148439,1535.65961044533,1
0.012,0.162,6.35135931139067,-1.15377512417398,1538.49591154228,1
0.015,0.162,6.47673832156998,-1.44476924217973,1536.71332306516,1
0.018,0.162,6.59155769693818,-1.64877965942053,1531.03937612405,1
0.021,0.162,6.68827357524972,-1.7780510168936,1522.27267312243,1
0.024,0.162,6.76270547262211,-1.84565259184731,1511.18666937761,1
0.027,0.162,6.81343691255515,-1.8642302826125,1498.47507999969,1
0.03,0.162,6.841084226198,-1.84521625343216,1484.725485753,1
0.033,0.162,6.84759383175895,-1.79843382505579,1470.41274910649,1
0.036,0.162,6.83565503769066,-1.73199355836182,1455.90496180998,1
0.039,0.162,6.80825804253222,-1.65237528682878,1441.4761311918,1
0.042,0.162,6.76839086040393,-1.56461015634053,1427.32150500506,1
0.045,0.162,6.71885149835931,-1.47250184846844,1413.57294398237,1
0.048,0.162,6.66214688796178,-1.37884896258683,1400.31290900399,1
0.051,0.162,6.60045217877335,-1.28564789155318,1387.5864254328,1
0.054,0.162,6.53560899243928,-1.19426723137942,1375.41088214048,1
0.057,0.162,6.46914673055083,-1.10559186468489,1363.78379750572,1
0.06,0.162,6.40231588078729,-1.02013868328811,1352.68881280809,1
0.063,0.162,6.33612608473185,-0.938147635268852,1342.10021225276,1
0.066,0.162,6.27138452011314,-0.859652264428824,1331.98625847869,1
0.069,0.162,6.20873207560501,-0.784533736723095,1322.31159868411,1
0.072,0.162,6.14867606204636,-0.712561877976146,1313.03895483086,1
0.075,0.162,6.09161899649241,-0.643426185374668,1304.13027011612,1
0.078,0.162,6.03788346413907,-0.57675922909079,1295.54744699045,1
0.081,0.162,5.98773331856331,-0.512154378592429,1287.25278087477,1
0.084,0.162,5.94139160081512,-0.449179386644602,1279.2091684432,1
0.087,0.162,5.89905559536482,-0.387387041705615,1271.38014930915,1
0.09,0.162,5.86090943011741,-0.326323847696025,1263.72982436088,1
0.093,0.162,5.82713459024622,-0.265537497622167,1256.22268200405,1
0.096,0.162,5.79791866439597,-0.204583762780116,1248.82335443153,1
0.099,0.162,5.77346258402265,-0.143033311697803,1241.4963191276,1
0.102,0.162,5.75398655564959,-0.0804788932704062,1234.20555563085,1
0.105,0.162,5.73973482252457,-0.0165432584911741,1226.91416375869,1
0.108,0.162,5.73097932584652,0.0491118526704931,1219.58394678704,1
0.111,0.162,5.72802226464465,0.116775375463623,1212.17496133804,1
0.114,0.162,5.73119747518818,0.18667499684436,1204.64503492264,1
0.117,0.162,5.74087046293855,0.258963460749876,1196.94925228127,1
0.12,0.162,5.75743682028045,0.333702993520084,1189.03941304958,1
0.123,0.162,5.78131865034302,0.410847846480875,1180.86346614662,1
0.126,0.162,5.81295849197936,0.490225102601478,1172.36493107039,1
0.129,0.162,5.85281010793542,0.571514104220411,1163.48232354013,1
0.132,0.162,5.90132536797282,0.654225147091881,1154.14861329684,1
0.135,0.162,5.95893635106429,0.737678470960222,1144.29075604442,1
0.138,0.162,6.02603173905602,0.820985074085036,1133.82936005818,1
0.141,0.162,6.10292662983393,0.903031494538717,1122.67857111863,1
0.144,0.162,6.18982513472163,0.982471419570127,1110.74628658446,1
0.147,0.162,6.28677563933606,1.05772775211633,1097.93483863882,1
0.15,0.162,6.39361951205222,1.12700946401828,1084.14231381532,1
0.153,0.162,6.50993544518962,1.18834799112915,1069.26469335995,1
0.156,0.162,6.6349835615902,1.23965775558275,1053.19899508496,1
0.159,0.162,6.76765582839744,1.27882420501092,1035.84755563765,1
0.162,0.162,6.90644186125588,1.3038200616449,1017.12349212564,1
0.165,0.162,7.04942119684508,1.31284591750794,996.957203123323,1
0.168,0.162,7.19429350349105,1.30448494009298,975.303499164808,1
0.171,0.162,7.3384557225101,1.27785408257145,952.148605445667,1
0.174,0.162,7.47912878546245,1.23272770023633,927.515918986905,1
0.177,0.162,7.61352636902844,1.16960669789021,901.469166478616,1
0.18,0.162,7.73904597346519,1.08971024301802,874.111695109341,1
0.183,0.162,7.85345224389338,0.99487918452408,845.581204912832,1
0.186,0.162,7.95501853715526,0.88739895056305,816.040276343242,1
0.189,0.162,8.04259842854811,0.76976954980004,785.66423888985,1
0.192,0.162,8.11561356454215,0.644464256087816,754.628744511118,1
0.195,0.162,8.17396329627341,0.513721289178502,723.099454076864,1
0.198,0.162,8.21787829238855,0.379403714802525,691.225523651113,1
0.201,0.162,8.24774979987401,0.242946064577511,659.137483118295,1
0.204,0.162,8.26396711125848,0.105388031599704,626.949109913566,1
0.207,0.162,8.26679023002971,-0.0325190752106234,594.762288213677,1
0.21,0.162,8.2562761465088,-0.170156756363994,562.673609287704,1
0.213,0.162,8.23226818924492,-0.306862901695773,530.781457845162,1
0.216,0.162,8.19444951353897,-0.44176430048369,499.192384958761,1
0.219,0.162,8.14245350472263,-0.573647067091181,468.025621089494,1
0.222,0.162,8.07601515216249,-0.700890339727067,437.414676158656,1
0.225,0.162,7.9951388604205,-0.821480683567134,407.505236787031,1
0.228,0.162,7.90025196866707,-0.93311147588671,378.449135771734,1
0.231,0.162,7.79231270402858,-1.03335446239381,350.395036141063,1
0.234,0.162,7.67284872987705,-1.11987387664168,323.477404850377,1
0.237,0.162,7.54391718577775,-1.19064286487517,297.805932386285,1
0.24,0.162,7.40799486667335,-1.244121906222,273.457444577209,1
0.243,0.162,7.26782185174718,-1.27936970291673,250.471559925002,1
0.246,0.162,7.12622870847845,-1.29607432317589,228.850245107442,1
0.249,0.162,6.98597523799325,-1.29450979062442,208.560491733652,1
0.252,0.162,6.84962004332434,-1.27543563329185,189.538864639378,1
0.255,0.162,6.7194290903154,-1.23996210318099,171.696657509759,1
0.258,0.162,6.59732147833639,-1.18940281779503,154.924663629926,1
0.261,0.162,6.48484377311808,-1.1251319809467,139.096937774546,1
0.264,0.162,6.38316077078065,-1.04845772887252,124.073265786385,1
0.267,0.162,6.29304977965529,-0.960518394342209,109.700322268878,1
0.27,0.162,6.21488648717704,-0.862205525004157,95.8116836352042,1
0.273,0.162,6.14861250275044,-0.75411649406958,82.2269934318401,1
0.276,0.162,6.09367740986867,-0.636540116256477,68.7506704079056,1
0.279,0.162,6.04895163645487,-0.509480053183093,55.1706199446441,1
0.282,0.162,6.01261079970172,-0.372721867338076,41.2574692733006,1
0.285,0.162,5.98199743052581,-0.225949046678838,26.7650185545211,1
0.288,0.162,5.95347249456938,-0.0689098885471501,11.4339173160967,1
0.291,0.162,5.92228311581063,0.0983699985952001,-4.98932593910305,1
0.294,0.162,5.88254714901262,0.275345914816366,-22.6325899752823,1
0.297,0.162,5.82797608867432,0.460718583996606,-40.6703719860186,1
0.3,0.162,5.75767066889488,0.652311075668717,-51.483686762563,4
0.0,0.164,6.0,1.0,1526.69145986947,3
0.003,0.164,6.0408669237017,0.275648102645657,1538.77826665634,1
0.006,0.164,6.12642913999006,-0.343048857700171,1551.84463426688,1
0.009,0.164,6.24307991037582,-0.84802498246041,1559.55361951904,1
0.012,0.164,6.3726414047759,-1.23968928548967,1561.41742480206,1
0.015,0.164,6.49914166633595,-1.52561136776658,1558.07879556908,1
0.018,0.164,6.61069831581559,-1.71820785133056,1550.47388318298,1
0.021,0.164,6.69983617027884,-1.832329526819,1539.590801765,1
0.024,0.164,6.76300195403743,-1.88325340329051,1526.35474588846,1
0.027,0.164,6.79969529888273,-1.88528576199521,1511.56874171567,1
0.03,0.164,6.811517099554,-1.85096745378601,1495.89075420337,1
0.033,0.164,6.80132035007476,-1.79075827801459,1479.83437757991,1
0.036,0.164,6.77254630977564,-1.71304517709365,1463.78293469752,1
0.039,0.164,6.72875817229692,-1.62433561974699,1448.00959045763,1
0.042,0.164,6.67334633841184,-1.52953340448873,1432.69869807946,1
0.045,0.164,6.6093654967595,-1.43223080173142,1417.96566549888,1
0.048,0.164,6.5394639976387,-1.33498023973567,1403.87407269592,1
0.051,0.164,6.46587269182745,-1.23952886444147,1390.44967503039,1
0.054,0.164,6.39042872710629,-1.14701156544507,1377.69143158977,1
0.057,0.164,6.31461738200902,-1.05810465187319,1365.57993458719,1
0.06,0.164,6.23962101455901,-0.973145316824321,1354.08369136266,1
0.063,0.164,6.16636854697578,-0.892222875680363,1343.16369829065,1
0.066,0.164,6.095581856361,-0.815247517031801,1332.77669288007,1
0.069,0.164,6.02781733744002,-0.742001580108954,1322.87740399721,1
0.072,0.164,5.96350205805623,-0.672177511391382,1313.42005492453,1
0.075,0.164,5.90296458702453,-0.605405827214789,1304.35931645848,1
0.078,0.164,5.84646091560007,-0.541275691905286,1295.6508595706,1
0.081,0.164,5.79419604079224,-0.479350132494991,1287.25161914735,1
0.084,0.164,5.74634181174426,-0.41917744580488,1279.11985082073,1
0.087,0.164,5.70305161057998,-0.360299995281837,1271.21504042787,1
0.09,0.164,5.66447237772552,-0.302261324250532,1263.49770875122,1
0.093,0.164,5.63075441693621,-0.244612310845014,1255.92914163573,1
0.096,0.164,5.6020593369666,-0.186916941776462,1248.47106632644,1
0.099,0.164,5.57856640968765,-0.128758173806699,1241.08528811593,1
0.102,0.164,5.56047754997154,-0.069744272167722,1233.73329653068,1
0.105,0.164,5.54802105041239,-0.009515954828405,1226.37584688298,1
0.108,0.164,5.5414541324071,0.0522453776895386,1218.97252077906,1
0.111,0.164,5.54106430218379,0.115808092817513,1211.48126793517,1
0.114,0.164,5.54716942376135,0.181379272023414,1203.85793135396,1
0.117,0.164,5.56011633849592,0.249092028804041,1196.05575859548,1
0.12,0.164,5.5802777714656,0.318991156477132,1188.02490368556,1
0.123,0.164,5.60804716851009,0.391017175772292,1179.711927378,1
0.126,0.164,5.6438310067324,0.46498900639068,1171.05930835737,1
0.129,0.164,5.68803802200485,0.540585695691587,1162.00498494142,1
0.132,0.164,5.74106471166852,0.617327914596592,1152.48195635318,1
0.135,0.164,5.80327641973558,0.694560287168558,1142.41798507217,1
0.138,0.164,5.87498332736374,0.771436062164199,1131.73545733973,1
0.141,0.164,5.95641079905434,0.846906156301018,1120.35147735559,1
0.144,0.164,6.04766383602572,0.919715172240397,1108.17829105774,1
0.147,0.164,6.14868593610875,0.988407555723109,1095.12415535957,1
0.15,0.164,6.25921352982585,1.05134748942029,1081.09478421563,1
0.153,0.164,6.37872840900995,1.10675624054102,1065.99550732364,1
0.156,0.164,6.50641217828273,1.15277022492753,1049.7342611878,1
0.159,0.164,6.6411086081518,1.18752170756932,1032.22548348191,1
0.162,0.164,6.78130152507435,1.20924152737905,1013.39488666421,1
0.165,0.164,6.92511696925323,1.21637936279348,993.184934501088,1
0.168,0.164,7.07035799884614,1.20773205077981,971.560634170465,1
0.171,0.164,7.21457788844972,1.18256512235784,948.515007141605,1
0.174,0.164,7.35519204885964,1.14070850761379,924.073370277208,1
0.177,0.164,7.48962109747277,1.0826062906672,898.295444285789,1
0.18,0.164,7.61544868741363,1.00930432204051,871.274434180884,1
0.183,0.164,7.73057069128468,0.922369096165349,843.132682057553,1
0.186,0.164,7.83331019523208,0.823745087378968,814.014233098366,1
0.189,0.164,7.92247739548234,0.715571954240748,784.075459673317,1
0.192,0.164,7.99736432813228,0.599992930947725,753.475430484782,1
0.195,0.164,8.05767822194403,0.478987823406899,722.367749785059,1
0.198,0.164,8.10342975624389,0.354257820710001,690.895125528294,1
0.201,0.164,8.13480013938453,0.227177405606056,659.187186500256,1
0.204,0.164,8.15201250874667,0.0988150596363074,627.361355028552,1
0.207,0.164,8.15522974355742,-0.0299873075750519,595.526086960788,1
0.21,0.164,8.14449449050378,-0.158494498048793,563.785546283795,1
0.213,0.164,8.11971988528357,-0.285940639014987,532.244714139816,1
0.216,0.164,8.08073203255364,-0.411398838007151,501.013950361191,1
0.219,0.164,8.02735792226111,-0.533681582662494,470.212085470788,1
0.222,0.164,7.95954516441686,-0.65129193381876,439.967244712155,1
0.225,0.164,7.87749341937654,-0.762438467166509,410.414863250369,1
0.228,0.164,7.78177331332127,-0.865116238672045,381.692804529069,1
0.231,0.164,7.67340899233521,-0.957243094652904,353.934114843674,1
0.234,0.164,7.5539065218447,-1.03682847421841,327.258570765795,1
0.237,0.164,7.42522132693132,-1.10214432700026,301.764545082437,1
0.24,0.164,7.28967080226356,-1.15186769755067,277.522634099831,1
0.243,0.164,7.14980902233499,-1.18517200457589,254.571964853117,1
0.246,0.164,7.00828592453998,-1.20175626627951,232.919361499919,1
0.249,0.164,6.86771247139831,-1.20181424923855,212.540892888448,1
0.252,0.164,6.73054752446154,-1.18595511106096,193.384943880085,1
0.255,0.164,6.59901412896102,-1.15509186663066,175.375879687424,1
0.258,0.164,6.47504514519432,-1.11031425221279,158.417515540212,1
0.261,0.164,6.36025223438355,-1.05275984606154,142.395844537306,1
0.264,0.164,6.25590858486765,-0.983493479661313,127.180726133606,1
0.267,0.164,6.16293417685915,-0.903401552422286,112.626453899088,1
0.27,0.164,6.08187229429373,-0.813105774918432,98.5712969576188,1
0.273,0.164,6.01284698251323,-0.712900469494113,84.8362559447356,1
0.276,0.164,5.95549312141196,-0.60271871368654,71.2234057202595,1
0.279,0.164,5.90885396146897,-0.482134708828616,57.5143213662519,1
0.282,0.164,5.87124572385016,-0.350411664138939,43.4692086803829,1
0.285,0.164,5.84009541437431,-0.206604562687476,28.8275982142627,1
0.288,0.164,5.81176668434763,-0.0497235237747379,13.3128454299024,1
0.291,0.164,5.78140525788275,0.121045363004529,-3.34701545833551,1
0.294,0.164,5.74291311433872,0.306079200898884,-21.2945921379085,1
0.297,0.164,5.6896935934433,0.505056664127549,-39.6929506760885,1
0.3,0.164,5.62060813824241,0.716794798178127,-50.742583732623,4
0.0,0.166,6.0,1.0,1552.00282397433,3
0.003,0.166,6.04492810040891,0.232731830238343,1565.1157572883,1
0.006,0.166,6.13762262361011,-0.414767378398911,1578.79918276903,1
0.009,0.166,6.26153718769482,-0.934149217597396,1586.10798193652,1
0.012,0.166,6.39562883605269,-1.32748839733833,1586.65505788466,1
0.015,0.166,6.52210862880261,-1.60527151253081,1581.33798674292,1
0.018,0.166,6.62846976584776,-1.78325436994779,1571.36378502634,1
0.021,0.166,6.70757934777416,-1.87938983710771,1557.95450695379,1
0.024,0.166,6.7568274662087,-1.91144164894879,1542.2127020702,1
0.027,0.166,6.77690651009113,-1.89546739328566,1525.06102663947,1
0.03,0.166,6.77059942866031,-1.84507742821893,1507.22767044632,1
0.033,0.166,6.74177823176797,-1.77125760572433,1489.25871917177,1
0.036,0.166,6.69467701989468,-1.68253518676699,1471.54372409562,1
0.039,0.166,6.6334218941098,-1.58531265097717,1454.34542319341,1
0.042,0.166,6.56176453101383,-1.48425229415817,1437.82835520392,1
0.045,0.166,6.4829600164992,-1.38264460057209,1422.08380371883,1
0.048,0.166,6.39973765349612,-1.28272884637947,1407.15021100254,1
0.051,0.166,6.31432609162964,-1.18595620582679,1393.02915429754,1
0.054,0.166,6.22850623055473,-1.09319735013949,1379.69742912075,1
0.057,0.166,6.14367500504024,-1.00490176894052,1367.11593417763,1
0.06,0.166,6.06091009587459,-0.921217576820449,1355.23604087406,1
0.063,0.166,5.98103023797077,-0.842080222474282,1344.00404519611,1
0.066,0.166,5.90464870024297,-0.767277380451302,1333.36419141923,1
0.069,0.166,5.8322192254972,-0.696495961640621,1323.26065153474,1
0.072,0.166,5.76407465762415,-0.629355909727081,1313.6387525976,1
0.075,0.166,5.70045894203681,-0.565434368547027,1304.4456695723,1
0.078,0.166,5.64155336009409,-0.5042829337564,1295.63074294456,1
0.081,0.166,5.58749787460388,-0.44544002568888,1287.14553605545,1
0.084,0.166,5.53840839827286,-0.388439908174726,1278.94371409748,1
0.087,0.166,5.49439069535354,-0.332819497534441,1270.98080246912,1
0.09,0.166,5.4555515139586,-0.278123827149699,1263.21386458619,1
0.093,0.166,5.42200743559092,-0.223910830984977,1255.60112660053,1
0.096,0.166,5.39389182515094,-0.169755964116084,1248.10156747852,1
0.099,0.166,5.37136017064379,-0.115257073861508,1240.6744865755,1
0.102,0.166,5.35459401633394,-0.0600398589715053,1233.27905650674,1
0.105,0.166,5.34380361432172,-0.0037641963881543,1225.87386626996,1
0.108,0.166,5.33922934506746,0.0538684331658119,1218.4164578955,1
0.111,0.166,5.34114188480265,0.113106235688245,1210.86285919848,1
0.114,0.166,5.34984102482456,0.174136976801198,1203.16711540374,1
0.117,0.166,5.36565297273653,0.23707636745053,1195.2808235284,1
0.12,0.166,5.38892588816342,0.301954977578817,1187.1526755414,1
0.123,0.166,5.420023326392,0.368703807195161,1178.72801965392,1
0.126,0.166,5.45931518636221,0.437138797423281,1169.94845386946,1
0.129,0.166,5.50716569184878,0.506944765832625,1160.7514724101,1
0.132,0.166,5.56391788925009,0.577659509339025,1151.07019409533,1
0.135,0.166,5.62987414204818,0.648659139707039,1140.8332123391,1
0.138,0.166,5.70527216958932,0.719146099753213,1129.96461907501,1
0.141,0.166,5.79025635527875,0.788141738538316,1118.38426910499,1
0.144,0.166,5.88484438468709,0.854485765995158,1106.00836586705,1
0.147,0.166,5.98888981986604,0.916845295158144,1092.75046213891,1
0.15,0.166,6.10204201750853,0.973736405018394,1078.52297599885,1
0.153,0.166,6.22370587176789,1.02356106151866,1063.23931795542,1
0.156,0.166,6.35300516171553,1.06466161609646,1046.81670222212,1
0.159,0.166,6.48875465784808,1.09539374093662,1029.17966504484,1
0.162,0.166,6.62944729534725,1.1142163844957,1010.2642274665,1
0.165,0.166,6.77326319743799,1.11979412065135,990.022514179302,1
0.168,0.166,6.91810656325864,1.11110339528844,968.427478570317,1
0.171,0.166,7.06167389691523,1.08753034224405,945.477208026424,1
0.174,0.166,7.20155253385224,1.04894518769823,921.198138715055,1
0.177,0.166,7.33534233393539,0.995738176550492,895.64646565803,1
0.18,0.166,7.46078701234636,0.928805584171458,868.907168918192,1
0.183,0.166,7.57589682564957,0.849481947122541,841.090431563929,1
0.186,0.166,7.67904325496681,0.759424911324497,812.325754000451,1
0.189,0.166,7.76901008561425,0.660469387878609,782.754619867896,1
0.192,0.166,7.84499336786826,0.554474820696236,752.522934533425,1
0.195,0.166,7.90655296955691,0.44319096085118,721.774488164607,1
0.198,0.166,7.95352782035989,0.328163212287111,690.64638812236,1
0.201,0.166,7.9859330404758,0.210689982897764,659.266898989369,1
0.204,0.166,8.00385892011857,0.0918342371575219,627.755611598078,1
0.207,0.166,8.00738963566751,-0.0275179051181641,596.225470828394,1
0.21,0.166,7.99655494421214,-0.146565668386187,564.785966600086,1
0.213,0.166,7.97132219346079,-0.264487582414222,533.546703324417,1
0.216,0.166,7.93162965862679,-0.380340884523106,502.620560587946,1
0.219,0.166,7.87745587795422,-0.492985528527881,472.125714487047,1
0.222,0.166,7.80891365456568,-0.601048618354598,442.185914628846,1
0.225,0.166,7.72635242996234,-0.702939007253611,412.92864104892,1
0.228,0.166,7.63044998812443,-0.796913231837569,384.481121118232,1
0.231,0.166,7.52227519170119,-0.881184076025119,356.964634100001,1
0.234,0.166,7.40330830760289,-0.954054105218612,330.487954971068,1
0.237,0.166,7.27541373938775,-1.01405107134498,305.14102871027,1
0.24,0.166,7.14076953020739,-1.06004196540107,280.989904810061,1
0.243,0.166,7.00176605862909,-1.09130770857745,258.073608953779,1
0.246,0.166,6.86089069242578,-1.10756917066644,236.403124178493,1
0.249,0.166,6.72061502166172,-1.10896453687231,215.962184521819,1
0.252,0.166,6.58329744966001,-1.09598544996519,196.709284209545,1
0.255,0.166,6.45110808958603,-1.06938346735534,178.580209403786,1
0.258,0.166,6.32597686300225,-1.0300591882353,161.4904632126,1
0.261,0.166,6.20956063941258,-0.978944872252049,145.337105721198,1
0.264,0.166,6.10322168504486,-0.916888797978088,129.99970901757,1
0.267,0.166,6.0080075505253,-0.844547211909781,115.340300259549,1
0.27,0.166,5.9246215421145,-0.762288391540833,101.202327020154,1
0.273,0.166,5.85337290100361,-0.670113601176447,87.4088372087662,1
0.276,0.166,5.7940968815486,-0.56760165728643,73.7602337630904,1
0.279,0.166,5.74603757897567,-0.453887026851966,60.0321497130224,1
0.282,0.166,5.70769136456033,-0.327684722937048,45.9741975914477,1
0.285,0.166,5.67661678034979,-0.187376700675915,31.3106822061539,1
0.288,0.166,5.64922825662702,-0.0311712141567089,15.7458448406878,1
0.291,0.166,5.6206115163114,0.142663946456746,-1.01332806139424,1
0.294,0.166,5.58448039660217,0.335512117976617,-19.127665466417,1
0.297,0.166,5.53393702327729,0.548106546778887,-37.7575232044763,1
0.3,0.166,5.4675571502824,0.780313056771951,-48.9721863875213,4
0.0,0.168,6.0,1.0,1580.57347570724,3
0.003,0.168,6.04969059910932,0.185723733394713,1594.85071907771,1
0.006,0.168,6.15047942591624,-0.49189997388728,1609.11547518341,1
0.009,0.168,6.28213377417276,-1.0244966761253,1615.73778166363,1
0.012,0.168,6.42022840327539,-1.41658346066488,1614.50502676073,1
0.015,0.168,6.54504929140567,-1.68251818008037,1606.66658980606,1
0.018,0.168,6.64369080943258,-1.84222836225559,1593.78091449389,1
0.021,0.168,6.70975437056175,-1.91732470459857,1577.35660759531,1
0.024,0.168,6.74197673867213,-1.92831963770804,1558.69986828029,1
0.027,0.168,6.74256218336628,-1.89305484766145,1538.85977622612,1
0.03,0.168,6.71567692553349,-1.82610279252737,1518.62946089823,1
0.033,0.168,6.6663033288032,-1.73880551490067,1498.57614637105,1
0.036,0.168,6.59947701111351,-1.63965145908052,1479.08229831171,1
0.039,0.168,6.51984340157704,-1.53477900949465,1460.38737628293,1
0.042,0.168,6.43144506056741,-1.42848168542344,1442.62490605039,1
0.045,0.168,6.33765826699718,-1.32365397740856,1425.85290248037,1
0.048,0.168,6.24121635937017,-1.22215686883828,1410.07753781637,1
0.051,0.168,6.14427700934542,-1.12510364725598,1395.27083988268,1
0.054,0.168,6.04850657528964,-1.0330762303709,1381.38351105713,1
0.057,0.168,5.95516607595542,-0.946285100800734,1368.35395617532,1
0.06,0.168,5.86519078327495,-0.864685474379128,1356.11446731934,1
0.063,0.168,5.77925998791632,-0.788060503763454,1344.5953318216,1
0.066,0.168,5.6978560869775,-0.71608017702245,1333.72745439295,1
0.069,0.168,5.62131350043308,-0.648342583791464,1323.44393451242,1
0.072,0.168,5.54985853904104,-0.584402561541293,1313.68092075871,1
0.075,0.168,5.48364154312522,-0.523791426348866,1304.37797246271,1
0.078,0.168,5.42276258705624,-0.466030498645864,1295.47809125681,1
0.081,0.168,5.36729191498187,-0.41064039758201,1286.92753576035,1
0.084,0.168,5.31728610485965,-0.357147540872463,1278.6754972848,1
0.087,0.168,5.27280078463395,-0.305088901116112,1270.67368941181,1
0.09,0.168,5.23390056293365,-0.25401579503093,1262.87588676452,1
0.093,0.168,5.20066669325744,-0.203497288270067,1255.237436146,1
0.096,0.168,5.17320286614146,-0.153123662268327,1247.71475491615,1
0.099,0.168,5.15163941644317,-0.102510293432368,1240.26482592044,1
0.102,0.168,5.13613613962971,-0.0513022256138524,1232.84469469771,1
0.105,0.168,5.12688382849905,0.0008203362139697,1225.41097255692,1
0.108,0.168,5.12410456688745,0.0541354283284457,1217.91934808274,1
0.111,0.168,5.12805074683299,0.10887148866224,1210.32410950735,1
0.114,0.168,5.13900270821033,0.165198188422857,1202.57768107993,1
0.117,0.168,5.15726483375732,0.223215912629975,1194.63017807233,1
0.12,0.168,5.18315986767023,0.282943952192151,1186.42898744814,1
0.123,0.168,5.2170211643386,0.344307582820861,1177.91838461613,1
0.126,0.168,5.25918251963993,0.407124353926406,1169.0392012463,1
0.129,0.168,5.30996519833782,0.471090100451867,1159.72856500936,1
0.132,0.168,5.36966175998615,0.53576542723867,1149.91973942183,1
0.135,0.168,5.43851632061677,0.600563699670384,1139.54210072539,1
0.138,0.168,5.51670099332775,0.664741899072416,1128.52129864033,1
0.141,0.168,5.60428845917622,0.727396047177382,1116.77965823815,1
0.144,0.168,5.70122096634565,0.787463232563586,1104.23688978742,1
0.147,0.168,5.80727657477653,0.843732519108352,1090.81118009077,1
0.15,0.168,5.92203417698753,0.894867086198887,1076.4207393248,1
0.153,0.168,6.04483972435461,0.939439714090352,1060.98586731037,1
0.156,0.168,6.17477710619105,0.975983034169342,1044.43157704847,1
0.159,0.168,6.31064811685386,1.00305466789026,1026.69076547899,1
0.162,0.168,6.45096664925984,1.01931539522333,1007.70784712985,1
0.165,0.168,6.59397231793557,1.0236158799099,987.442664832241,1
0.168,0.168,6.73766774427175,1.01508452364304,965.874370032243,1
0.171,0.168,6.87988141695753,0.993206310921928,943.004843082026,1
0.174,0.168,7.01835432984625,0.957880900383743,918.861136751883,1
0.177,0.168,7.15084392555424,0.909448670583984,893.496422557815,1
0.18,0.168,7.27523422413776,0.848676632300893,866.989046102382,1
0.183,0.168,7.38963779036327,0.776702070019698,839.439571890978,1
0.186,0.168,7.49247474919836,0.69493946513476,810.966079138877,1
0.189,0.168,7.58251709827702,0.604963774838909,781.698352804252,1
0.192,0.168,7.6588926656201,0.508388295728679,751.771865197558,1
0.195,0.168,7.7210506937459,0.40675653319473,721.322468038784,1
0.198,0.168,7.7686981415227,0.301464413674562,690.482508574676,1
0.201,0.168,7.80172062759238,0.193722849554868,659.378731284233,1
0.204,0.168,7.82010364776917,0.0845629103058513,628.131949956124,1
0.207,0.168,7.82386843500423,-0.0251215330567227,596.858169073425,1
0.21,0.168,7.81303337932006,-0.134504619982191,565.670638176409,1
0.213,0.168,7.78760720483573,-0.24274737436873,534.682231066562,1
0.216,0.168,7.74761483617336,-0.348920713591538,504.007528499715,1
0.219,0.168,7.69315157851828,-0.451947955496037,473.764032014696,1
0.222,0.168,7.62445635258872,-0.5505792813272,444.072050597748,1
0.225,0.168,7.54199091493291,-0.643405551499863,415.05299534311,1
0.228,0.168,7.44651010966003,-0.728912048042288,386.826093361893,1
0.231,0.168,7.33910904127572,-0.805565155188857,359.503856953898,1
0.234,0.168,7.22123691554891,-0.871918314811954,333.186936993317,1
0.237,0.168,7.09467354841329,-0.926719577222327,307.959148493646,1
0.24,0.168,6.96147167204686,-0.969002887867078,283.88341109642,1
0.243,0.168,6.82387425026919,-0.998148895847662,260.999105760186,1
0.246,0.168,6.68421948923859,-1.01390729037576,239.320998753159,1
0.249,0.168,6.5448464773729,-1.01637952498657,218.839544819427,1
0.252,0.168,6.4080118380671,-1.00596645764038,199.522144943459,1
0.255,0.168,6.27582353195769,-0.983288842254866,181.31483286655,1
0.258,0.168,6.15019322397836,-0.94908960182764,164.143878907491,1
0.261,0.168,6.03280434307284,-0.904125964400944,147.916887042274,1
0.264,0.168,5.92508954024085,-0.849057782753403,132.523082561987,1
0.267,0.168,5.82820872681401,-0.784336672162297,117.83262131555,1
0.27,0.168,5.74301710712271,-0.710099849558208,103.694895083411,1
0.273,0.168,5.67001156004534,-0.626073402091361,89.9359725651035,1
0.276,0.168,5.60924367346693,-0.531492528511082,76.3555189808114,1
0.279,0.168,5.56018951676554,-0.425050960790991,62.7237928911738,1
0.282,0.168,5.52157115432207,-0.30489725908805,48.7796365658114,1
0.285,0.168,5.49113434796165,-0.168699551269034,34.2308557038269,1
0.288,0.168,5.46540199968026,-0.01379857793785,18.760018454375,1
0.291,0.168,5.43944885960797,0.162542939279084,2.04931945986874,1
0.294,0.168,5.40683074192442,0.362810947004753,-16.0852104070037,1
0.297,0.168,5.3603506491292,0.588881491731779,-34.8112784924365,1
0.3,0.168,5.2982405474175,0.841730539139584,-46.1173673315119,4
0.0,0.17,6.0,1.0,1613.07191269,3
0.003,0.17,6.05531253878205,0.13396696963056,1628.66793366897,1
0.006,0.17,6.16528775757181,-0.575015110514996,1643.4202875688,1
0.009,0.17,6.3050397843677,-1.1189980654071,1648.93862794161,1
0.012,0.17,6.44617137977201,-1.50605734931822,1645.29999752357,1
0.015,0.17,6.56702157962395,-1.75568664212801,1634.24076508859,1
0.018,0.17,6.65467500842591,-1.89299815899436,1617.77389794946,1
0.021,0.17,6.7040134038616,-1.9438574135669,1597.75470046468,1
0.024,0.17,6.71561990127045,-1.93173448867464,1575.71709655815,1
0.027,0.17,6.69356169748956,-1.87619580490561,1552.8365900059,1
0.03,0.17,6.64357377417007,-1.79257736643067,1529.95813311735,1
0.033,0.17,6.57179943259773,-1.69233720828457,1507.65174919494,1
0.036,0.17,6.48403695390336,-1.58370077613773,1486.27408175145,1
0.039,0.17,6.38536418036276,-1.47235987551189,1466.02464861815,1
0.042,0.17,6.28000978491328,-1.36210400598264,1446.99230398819,1
0.045,0.17,6.17136740259647,-1.25533895117191,1429.19119796118,1
0.048,0.17,6.06208140123529,-1.15348869604419,1412.58734044335,1
0.051,0.17,5.95416025957952,-1.05729510232753,1397.11752052114,1
0.054,0.17,5.84909283229929,-0.967035342591524,1382.70236307055,1
0.057,0.17,5.74795517354357,-0.882676496333995,1369.25506768909,1
0.06,0.17,5.65150293336858,-0.803983716105382,1356.68706122326,1
0.063,0.17,5.56024836252992,-0.730594872972444,1344.91149518827,1
0.066,0.17,5.47452295163712,-0.662071409573303,1333.84526812746,1
0.069,0.17,5.39452755456621,-0.597932533913389,1323.41005708969,1
0.072,0.17,5.320372042278,-0.537677892105783,1313.53269634617,1
0.075,0.17,5.25210642011246,-0.480802379620233,1304.14513574559,1
0.078,0.17,5.18974509795253,-0.426805680649847,1295.18413617364,1
0.081,0.17,5.13328572312732,-0.375198363800504,1286.59080730262,1
0.084,0.17,5.08272371687522,-0.325505827104756,1278.31005680295,1
0.087,0.17,5.03806341613875,-0.277271012774588,1270.28999566017,1
0.09,0.17,4.9993265188394,-0.230056554763748,1262.48132773403,1
0.093,0.17,4.96655836110187,-0.183446845514075,1254.83674074749,1
0.096,0.17,4.93983241470877,-0.137050387156054,1247.31030878559,1
0.099,0.17,4.91925327700249,-0.0905027087313558,1239.8569119319,1
0.102,0.17,4.90495832825119,-0.0434700712963525,1232.43167607377,1
0.105,0.17,4.89711814847299,0.0043458631426522,1224.98943463484,1
0.108,0.17,4.89593571295075,0.053202263156301,1217.48421370781,1
0.111,0.17,4.90164432012419,0.103308165680562,1209.86874256546,1
0.114,0.17,4.91450414513943,0.154816274942257,1202.09399272792,1
0.117,0.17,4.93479725612388,0.207813540128239,1194.10875064193,1
0.12,0.17,4.9628208786982,0.262310611833358,1185.85923162249,1
0.123,0.17,4.99887864961803,0.318230385401659,1177.28874609294,1
0.126,0.17,5.04326956742584,0.375395978512303,1168.33743342832,1
0.129,0.17,5.09627433434762,0.433518665042039,1158.94208392599,1
0.132,0.17,5.15813880098875,0.492186499074081,1149.03607560275,1
0.135,0.17,5.22905428972233,0.550854608959734,1138.54945951097,1
0.138,0.17,5.30913470464757,0.608838410935682,1127.40923470692,1
0.141,0.17,5.3983905598696,0.665311262703901,1115.53986115636,1
0.144,0.17,5.4967003985733,0.719308311152667,1102.86406447927,1
0.147,0.17,5.6037805526838,0.769738426079645,1089.30398861067,1
0.15,0.17,5.71915481133772,0.815406071657401,1074.78274852102,1
0.153,0.17,5.84212630061703,0.855044647939505,1059.22642169576,1
0.156,0.17,5.97175465392187,0.887362127118749,1042.56649025448,1
0.159,0.17,6.10684223408512,0.911098624161967,1024.74270176699,1
0.162,0.17,6.24593354489693,0.925093852796054,1005.70625389681,1
0.165,0.17,6.38733177480768,0.928360320448936,985.423127475503,1
0.168,0.17,6.52913537983983,0.920155882255925,963.877302304355,1
0.171,0.17,6.66929556200672,0.9000473817314,941.073506740416,1
0.174,0.17,6.80569248540557,0.867956191832024,917.039102729177,1
0.177,0.17,6.93622448946537,0.824177183615025,891.824725312976,1
0.18,0.17,7.05890117377437,0.769365398222963,865.503407584946,1
0.183,0.17,7.17192904118834,0.704489367593643,838.168133534465,1
0.186,0.17,7.27377830878816,0.630755821933035,809.92803837039,1
0.189,0.17,7.36322195433487,0.549516064130981,780.903745791002,1
0.192,0.17,7.43934271397707,0.462168055877702,751.222506883826,1
0.195,0.17,7.50150950271015,0.370069144409451,721.013824563112,1
0.198,0.17,7.54933014975226,0.274472120083478,690.406106648408,1
0.201,0.17,7.58259115893989,0.176492602932262,659.524642675924,1
0.204,0.17,7.60119673514783,0.0771098524426323,628.490923311135,1
0.207,0.17,7.60511855501204,-0.0228027132474995,597.423084214635,1
0.21,0.17,7.5943651792168,-0.122425729339716,566.437093080158,1
0.213,0.17,7.56897625600568,-0.220932372059219,535.648213352516,1
0.216,0.17,7.52904235590623,-0.317429944165819,505.172260188082,1
0.219,0.17,7.47474691085516,-0.410916789464857,475.126204269619,1
0.222,0.17,7.40642279356103,-0.500264331866702,445.627776419975,1
0.225,0.17,7.32461312943247,-0.584229901263347,416.793883924951,1
0.228,0.17,7.23012461146731,-0.661500610479645,388.737862009307,1
0.231,0.17,7.12406239737376,-0.730762732886307,361.565821207828,1
0.234,0.17,7.00783871296264,-0.790785998487504,335.372556938769,1
0.237,0.17,6.88315205040841,-0.840509205267189,310.237595425864,1
0.24,0.17,6.75193923105058,-0.879113316672028,286.221916945943,1
0.243,0.17,6.61630724599484,-0.906070761252954,263.365729312892,1
0.246,0.17,6.47845458009238,-0.921164109188722,241.687417282756,1
0.249,0.17,6.34059217584985,-0.924472329414143,221.183544649885,1
0.252,0.17,6.20487251982085,-0.916327125740754,201.829598191513,1
0.255,0.17,6.07333223918924,-0.897244571418318,183.581063561032,1
0.258,0.17,5.94784991378835,-0.867838198305313,166.374406015998,1
0.261,0.17,5.83011719346153,-0.828719180451614,150.12756923929,1
0.264,0.17,5.72161809304366,-0.780387948610471,134.739679532669,1
0.267,0.17,5.6236085500154,-0.723120289811701,120.08973823437,1
0.27,0.17,5.53708586286769,-0.656850562044731,106.034206179098,1
0.273,0.17,5.46273547004258,-0.581055905969342,92.4035487358071,1
0.276,0.17,5.40084107147103,-0.494648977834863,78.9980457180096,1
0.279,0.17,5.35114444974504,-0.395893095442557,65.5835047393281,1
0.282,0.17,5.31264551675985,-0.282362106275931,51.8879747944111,1
0.285,0.17,5.28334367981989,-0.150975090446434,37.6012472693888,1
0.288,0.17,5.25994104753677,0.0018622607769285,22.3808253176282,1
0.291,0.17,5.23756177682764,0.179989675931505,5.87887258991867,1
0.294,0.17,5.20963853228357,0.387109126698781,-12.1185720770476,1
0.297,0.17,5.16867221068855,0.626345138168379,-30.7984275634531,1
0.3,0.17,5.11247866052286,0.899855964617604,-42.1198563226619,4
0.0,0.172,6.0,1.0,1650.36660016219,3
0.003,0.172,6.06199330212851,0.0766767934119775,1667.4485864746,1
0.006,0.172,6.18237364758683,-0.664686302811949,1682.49763418675,1
0.009,0.172,6.33034640234895,-1.21734078118509,1686.30151103908,1
0.012,0.172,6.47289775507527,-1.59452908711653,1679.40666172243,1
0.015,0.172,6.58655948324808,-1.82254913854015,1664.224488466,1
0.018,0.172,6.6590338777449,-1.93290328132681,1643.35192287326,1
0.021,0.172,6.68722154838527,-1.95630898235025,1619.05576713463,1
0.024,0.172,6.67414749792908,-1.91929481872316,1593.11435223673,1
0.027,0.172,6.62610059906442,-1.84295675217569,1566.8179333646,1
0.03,0.172,6.55052378812109,-1.74308041957859,1541.03874242561,1
0.033,0.172,6.45470511700695,-1.63092174747851,1516.32205526641,1
0.036,0.172,6.34510162995086,-1.51417665441654,1492.97339478494,1
0.039,0.172,6.22708391086229,-1.39789176004356,1471.13143569841,1
0.042,0.172,6.1049241245953,-1.28521744780502,1450.82421893775,1
0.045,0.172,5.98190498532461,-1.1779867066296,1432.01014885405,1
0.048,0.172,5.86047486710764,-1.07713976680897,1414.60664988509,1
0.051,0.172,5.74240818472563,-0.983025809345203,1398.5094908854,1
0.054,0.172,5.6289514791395,-0.895612390292577,1383.60537447338,1
0.057,0.172,5.52094784759235,-0.814628159420372,1369.77982803154,1
0.06,0.172,5.41893874531095,-0.739658576037065,1356.92190332672,1
0.063,0.172,5.32324514880686,-0.670209103377459,1344.92675769305,1
0.066,0.172,5.234031157637,-0.60574621753395,1333.69686003334,1
0.069,0.172,5.15135324762964,-0.545723469309677,1323.14232582171,1
0.072,0.172,5.07519809483033,-0.489597605749532,1313.18071718163,1
0.075,0.172,5.00551144213577,-0.436838187725034,1303.73652844457,1
0.078,0.172,4.94222001620386,-0.386933052347989,1294.74049929552,1
0.081,0.172,4.88524808082751,-0.339391224313364,1286.12884531522,1
0.084,0.172,4.83452985500794,-0.293744374904211,1277.84246123088,1
0.087,0.172,4.79001873075529,-0.249547587003839,1269.82612973116,1
0.09,0.172,4.75169399020994,-0.206379956731254,1262.0277543276,1
0.093,0.172,4.71956553433626,-0.163845410758054,1254.39762576794,1
0.096,0.172,4.69367698644607,-0.121574017563829,1246.88772612292,1
0.099,0.172,4.67410741447741,-0.0792240029980247,1239.45107168347,1
0.102,0.172,4.66097181902644,-0.0364846327582234,1232.04109443712,1
0.105,0.172,4.65442045380452,0.0069199127165469,1224.61106163896,1
0.108,0.172,4.65463697703145,0.0512255793238977,1217.11353354538,1
0.111,0.172,4.66183537310979,0.0966223415959118,1209.49986055871,1
0.114,0.172,4.67625553182314,0.143246956848945,1201.71972275248,1
0.117,0.172,4.69815732662341,0.191174620934002,1193.72071698473,1
0.12,0.172,4.72781299514641,0.240409653164565,1185.44799957943,1
0.123,0.172,4.76549759650406,0.29087543914875,1176.84399589796,1
0.126,0.172,4.81147730588058,0.342403988529872,1167.84819207007,1
0.129,0.172,4.86599531484822,0.394725622229885,1158.3970287029,1
0.132,0.172,4.92925514596785,0.447459489962222,1148.423921461,1
0.135,0.172,5.00140127618143,0.500105828007061,1137.85943879259,1
0.138,0.172,5.08249711154126,0.552041086706802,1126.63167233948,1
0.141,0.172,5.17250058358424,0.602517263745121,1114.66683997519,1
0.144,0.172,5.27123796095444,0.650666936567912,1101.89016383057,1
0.147,0.172,5.37837689716928,0.695515543248639,1088.22706446945,1
0.15,0.172,5.49340025943461,0.736002348283099,1073.60470544513,1
0.153,0.172,5.61558287006622,0.771011170513321,1057.95390727858,1
0.156,0.172,5.74397386844785,0.79941126949065,1041.21142384114,1
0.159,0.172,5.87738784674051,0.820107734731226,1023.32253514141,1
0.162,0.172,6.0144080588619,0.832099309740904,1004.24385816368,1
0.165,0.172,6.15340465416561,0.834539918976822,983.946214363836,1
0.168,0.172,6.29256986817528,0.826798492960298,962.417326255637,1
0.171,0.172,6.42997032893791,0.808510383619416,939.664060022639,1
0.174,0.172,6.56361420589266,0.7796131961442,915.71390602734,1
0.177,0.172,6.69152818292159,0.74036067227609,890.615416483782,1
0.18,0.172,6.81183676667079,0.691310572680434,864.437415484158,1
0.183,0.172,6.92283496126765,0.633286167077391,837.266959880444,1
0.186,0.172,7.02304546833659,0.567315325161359,809.20623319552,1
0.189,0.172,7.11125356163093,0.494555313535496,780.368747820904,1
0.192,0.172,7.18651636003317,0.41621417049912,750.875355012387,1
0.195,0.172,7.24814760273857,0.333480180144926,720.850577291332,1
0.198,0.172,7.2956831883711,0.247469314330751,690.41968028234,1
0.201,0.172,7.32883574985843,0.159196997845422,659.706724183343,1
0.204,0.172,7.3474478535744,0.0695760409118912,628.833631273057,1
0.207,0.172,7.35145295556835,-0.0205619678401101,597.920122951509,1
0.21,0.172,7.34085130627675,-0.110428321405824,567.084246537909,1
0.213,0.172,7.31570503444783,-0.199230985930164,536.443137187355,1
0.216,0.172,7.27615315491503,-0.286130683931627,506.113641007349,1
0.219,0.172,7.22244369693674,-0.37020895295289,476.212456898068,1
0.222,0.172,7.1549769948958,-0.450455868871209,446.855534542151,1
0.225,0.172,7.0743518984256,-0.525781795202903,418.156592208664,1
0.228,0.172,6.98140571080338,-0.595053269715937,390.224780900672,1
0.231,0.172,6.87723938083991,-0.657148655389523,363.161696040902,1
0.234,0.172,6.7632218680611,-0.711025354391442,337.058084327532,1
0.237,0.172,6.64097125396026,-0.755788075314681,311.990668108962,1
0.24,0.172,6.51231427460392,-0.790747387317585,288.01948530857,1
0.243,0.172,6.379229534017,-0.815459562550956,265.186023948306,1
0.246,0.172,6.24378191858359,-0.82974190256976,243.512252538176,1
0.249,0.172,6.10805628199993,-0.833661421332436,223.00046163883,1
0.252,0.172,5.97409740200022,-0.827497969618214,203.633680921746,1
0.255,0.172,5.84386096854703,-0.811684977354294,185.376341514044,1
0.258,0.172,5.71917750705923,-0.786731733654593,168.174814589056,1
0.261,0.172,5.6017281209172,-0.753130695478853,151.957460614638,1
0.264,0.172,5.49302797254344,-0.711252185216089,136.633855464944,1
0.267,0.172,5.39441048696156,-0.661227666166802,122.092915086236,1
0.27,0.172,5.30700219010252,-0.602822382836171,108.199730145738,1
0.273,0.172,5.2316747925652,-0.535299495151923,94.7910741163723,1
0.276,0.172,5.16895793049477,-0.45728204654082,81.6698061299456,1
0.279,0.172,5.11889415034108,-0.366627205385381,68.5988057858115,1
0.282,0.172,5.08082002062215,-0.260339311391123,55.2957080812135,1
0.285,0.172,5.05306797045044,-0.134561913915367,41.4306937999019,1
0.288,0.172,5.03260755623017,0.0153027731587307,26.6319096467807,1
0.291,0.172,5.01468948871021,0.194307786910452,10.5143295778767,1
0.294,0.172,4.9926667585555,0.407508366475079,-7.17553683292056,1
0.297,0.172,4.95873017983313,0.659408879216792,-25.6582080839607,1
0.3,0.172,4.9101893846075,0.953438651620308,-36.9161343018539,4
0.0,0.174,6.0,1.0,1693.60494572041,3
0.003,0.174,6.06998297759184,0.0129179129674907,1712.34254199826,1
0.006,0.174,6.20208604881709,-0.761438656824489,1727.33520335184,1
0.009,0.174,6.35797538138145,-1.31882224936056,1728.52775012816,1
0.012,0.174,6.49937130881239,-1.67996668070908,1717.21673989208,1
0.015,0.174,6.60142090072483,-1.88015602980111,1696.74846563048,1
0.018,0.174,6.65340888230644,-1.9586668032406,1670.46123510897,1
0.021,0.174,6.65521984852646,-1.95158862349773,1641.09579807997,1
0.024,0.174,6.61299121098447,-1.88842180367136,1610.67554304573,1
0.027,0.174,6.53555494986829,-1.79140895540957,1580.57513732229,1
0.03,0.174,6.43211058063716,-1.67633471856154,1551.65357285673,1
0.033,0.174,6.31097612112249,-1.55385656069622,1524.39218334372,1
0.036,0.174,6.17908057193682,-1.43084186836916,1499.01251630613,1
0.039,0.174,6.04188775081128,-1.31148990516395,1475.56710237368,1
0.042,0.174,5.90353246734163,-1.19818834598817,1454.00477940411,1
0.045,0.174,5.76703683111389,-1.09213068844854,1434.21541041503,1
0.048,0.174,5.63453647739475,-0.99374471061793,1416.05925267217,1
0.051,0.174,5.50748458740659,-0.902981862968059,1399.38549972898,1
0.054,0.174,5.38682258951583,-0.819508647168516,1384.04347753254,1
0.057,0.174,5.27311685866934,-0.742830845472059,1369.8890061433,1
0.06,0.174,5.16666520739876,-0.672372648084774,1356.78766394951,1
0.063,0.174,5.06757835035179,-0.60752594172295,1344.61612008869,1
0.066,0.174,4.97584145809488,-0.547680115407218,1333.26229963547,1
0.069,0.174,4.89136026269033,-0.492239317537017,1322.62487323509,1
0.072,0.174,4.81399536723114,-0.440631766222147,1312.6123813698,1
0.075,0.174,4.74358763764594,-0.39231414952534,1303.14218478583,1
0.078,0.174,4.67997689041683,-0.346773112712343,1294.1393561426,1
0.081,0.174,4.62301554942584,-0.303525144835875,1285.53557935736,1
0.084,0.174,4.57257851913083,-0.26211572913582,1277.26809273353,1
0.087,0.174,4.52857019124423,-0.222118330941687,1269.27869335536,1
0.09,0.174,4.49092924856606,-0.183133609368442,1261.51280919446,1
0.093,0.174,4.45963173515874,-0.144789119173074,1253.91863917178,1
0.096,0.174,4.43469271220128,-0.106739692530115,1246.44635829277,1
0.099,0.174,4.41616670218703,-0.0686686407470447,1239.0473838052,1
0.102,0.174,4.40414703185622,-0.0302898816069827,1231.6736984141,1
0.105,0.174,4.39876410983503,0.0086489292333318,1224.27722749607,1
0.108,0.174,4.40018261369395,0.0483622109603731,1216.80926872892,1
0.111,0.174,4.40859750992034,0.0890211938361066,1209.2199744528,1
0.114,0.174,4.4242287874196,0.130747598875847,1201.45788933797,1
0.117,0.174,4.44731475028667,0.173606335019076,1193.469548532,1
0.12,0.174,4.47810368984401,0.217597359484599,1185.19914439735,1
0.123,0.174,4.5168437420628,0.262646939556296,1176.58827323756,1
0.126,0.174,4.56377073906351,0.308598669864085,1167.57577703557,1
0.129,0.174,4.61909388911698,0.355204738822563,1158.09769913571,1
0.132,0.174,4.68297917733873,0.402118098755384,1148.08737685641,1
0.135,0.174,4.7555304800412,0.44888636921784,1137.47569795953,1
0.138,0.174,4.83676854173629,0.494948478364521,1126.19155127901,1
0.141,0.174,4.92660818694574,0.539635200350451,1114.16250393406,1
0.144,0.174,5.02483443771163,0.582174844523079,1101.31573742785,1
0.147,0.174,5.13107858216835,0.621705350025183,1087.57927123718,1
0.15,0.174,5.24479567495033,0.657293883246589,1072.88349360683,1
0.153,0.174,5.36524540887041,0.687964667560116,1057.163003389,1
0.156,0.174,5.49147871112988,0.712735145550863,1040.35874227759,1
0.159,0.174,5.62233268422545,0.730659661605631,1022.42036274184,1
0.162,0.174,5.75643650084942,0.740878688106151,1003.30873394649,1
0.165,0.174,5.89223043362282,0.742670311479962,982.998439111673,1
0.168,0.174,6.02799924382344,0.735499451278786,961.480069909125,1
0.171,0.174,6.16191964116548,0.719059402203188,938.762087590176,1
0.174,0.174,6.29211957288155,0.693300105181517,914.87201093376,1
0.177,0.174,6.41674499512384,0.6584383608607,889.85672231545,1
0.18,0.174,6.53402797196084,0.614947117767883,863.781764103485,1
0.183,0.174,6.64234895100198,0.563523835337115,836.729624335408,1
0.186,0.174,6.7402862989023,0.505041253261805,808.797162079523,1
0.189,0.174,6.82664779487206,0.440486967154489,780.0924631184,1
0.192,0.174,6.90048155202717,0.370900253914072,750.731506201051,1
0.195,0.174,6.96106719738787,0.297315063180924,720.835032098583,1
0.198,0.174,7.0078913490863,0.22071685338016,690.525939161353,1
0.201,0.174,7.04061380101377,0.142018299705242,659.927401536067,1
0.204,0.174,7.05903192976671,0.0620554447109324,629.161754830019,1
0.207,0.174,7.06305057105593,-0.0183976931928929,598.350053021554,1
0.21,0.174,7.05266314487079,-0.0986010744669738,567.612092982084,1
0.213,0.174,7.02794747777716,-0.177814263988418,537.066639238646,1
0.216,0.174,6.98907697460088,-0.255263732862516,506.831562796794,1
0.219,0.174,6.9363449346439,-0.330119466479686,477.023631766283,1
0.222,0.174,6.87019729090086,-0.401486903373568,447.757755480761,1
0.225,0.174,6.79126726997098,-0.468417579069517,419.145583306682,1
0.228,0.174,6.70040477579219,-0.529938516823473,391.293483958177,1
0.231,0.174,6.5986939073966,-0.5850969422663,364.300060758961,1
0.234,0.174,6.48745390109452,-0.63301396558947,338.253464224377,1
0.237,0.174,6.3682216055903,-0.672939089196619,313.228816285668,1
0.24,0.174,6.2427167566264,-0.704297127398851,289.28604267865,1
0.243,0.174,6.11279411515004,-0.726720341232592,266.468324356858,1
0.246,0.174,5.98038838087553,-0.740060872239991,244.801248449019,1
0.249,0.174,5.84745838490925,-0.744381229891064,224.292597476946,1
0.252,0.174,5.71593642619549,-0.739922950268194,204.932591651268,1
0.255,0.174,5.58768702320157,-0.727055080920271,186.694309030141,1
0.258,0.174,5.46447717219273,-0.706204629961616,169.533953427604,1
0.261,0.174,5.34795773201743,-0.677770613961489,153.390612349389,1
0.264,0.174,5.23965290289321,-0.642022162857501,138.185138578585,1
0.267,0.174,5.14095182077356,-0.59897981251604,123.817799172513,1
0.27,0.174,5.05309276120116,-0.548278391634118,110.16438043291,1
0.273,0.174,4.97712603706225,-0.489010885809352,97.0705555853731,1
0.276,0.174,4.91383644271992,-0.419556904253095,84.3445790248785,1
0.279,0.174,4.86360118012356,-0.337408837830649,71.7488572214274,1
0.282,0.174,4.8261579109441,-0.23902500367874,58.9917741269581,1
0.285,0.174,4.80026636010926,-0.11976081675317,45.7225309656037,1
0.288,0.174,4.78327493227396,0.0260515696522941,31.5347423289646,1
0.291,0.174,4.77066271926611,0.204805572272413,15.9965783351827,1
0.294,0.174,4.75576142156576,0.423079842785259,-1.19833260533993,1
0.297,0.174,4.73043955361843,0.686927557443824,-19.3222123488288,1
0.3,0.174,4.69138764467193,1.00116298365724,-30.4346521257303,4
0.0,0.176,6.0,1.0,1744.3310882894,3
0.003,0.176,6.07959043681064,-0.0584154363740674,1764.87254923727,1
0.006,0.176,6.22475552122987,-0.865648093150705,1779.18462209036,1
0.009,0.176,6.38751588911556,-1.42212514446449,1776.44077659436,1
0.012,0.176,6.52378466810167,-1.75943312561885,1759.12614778926,1
0.015,0.176,6.60821970539154,-1.92465109692806,1731.8762181231,1
0.018,0.176,6.63311208660194,-1.9663250046426,1698.95179140458,1
0.021,0.176,6.60253508452096,-1.92622863750193,1663.61345517434,1
0.024,0.176,6.52642703633691,-1.83645270055661,1628.1006046513,1
0.027,0.176,6.41637308729926,-1.7197615742666,1593.81376146108,1
0.03,0.176,6.28322849202771,-1.59134044429633,1561.53680193669,1
0.033,0.176,6.13609299640087,-1.46078588548112,1531.63392570015,1
0.036,0.176,5.98208312823462,-1.33382493787235,1504.20173705963,1
0.039,0.176,5.82649464310674,-1.21362238471425,1479.17723083911,1
0.042,0.176,5.67311041768072,-1.10170548079904,1456.41001705363,1
0.045,0.176,5.52452769467395,-0.998588765035517,1435.70834082465,1
0.048,0.176,5.38244983240129,-0.904183047167809,1416.86709105364,1
0.051,0.176,5.24792534825043,-0.818056660137793,1399.68397404136,1
0.054,0.176,5.12153462125698,-0.739598750727356,1383.9681792979,1
0.057,0.176,5.00353147141466,-0.66811901221699,1369.54443045017,1
0.06,0.176,4.89394848092868,-0.602906856248906,1356.25429252636,1
0.063,0.176,4.79267432960843,-0.54326507397452,1343.95591541683,1
0.066,0.176,4.69951005483906,-0.488527698372868,1332.52294062888,1
0.069,0.176,4.61420968534714,-0.438068273507089,1321.84300900495,1
0.072,0.176,4.53650940237525,-0.391302466744856,1311.81612536277,1
0.075,0.176,4.46614832684749,-0.347687505148598,1302.35302378356,1
0.078,0.176,4.4028832101826,-0.306719991876794,1293.37360912471,1
0.081,0.176,4.34649868404564,-0.267933073991548,1284.80550980637,1
0.084,0.176,4.29681425938436,-0.230893566840356,1276.58275352535,1
0.087,0.176,4.25368892023446,-0.195199412957118,1268.64456467141,1
0.09,0.176,4.21702390235503,-0.160477714224305,1260.93427573502,1
0.093,0.176,4.18676405690286,-0.126383491986671,1253.39834234743,1
0.096,0.176,4.16289805706588,-0.0925992795603832,1245.98545122197,1
0.099,0.176,4.1454575975552,-0.0588356210517687,1238.64571122482,1
0.102,0.176,4.13451565346864,-0.0248325300127624,1231.32991953502,1
0.105,0.176,4.13018379946972,0.0096380556063917,1223.98889703769,1
0.108,0.176,4.13260853784556,0.0447688046856352,1216.57288955602,1
0.111,0.176,4.14196654194687,0.0807125178974036,1209.03103418228,1
0.114,0.176,4.15845868839785,0.117576688896791,1201.31089277995,1
0.117,0.176,4.182302727296,0.155417192411997,1193.35805769014,1
0.12,0.176,4.21372442576549,0.194231254290468,1185.11583778172,1
0.123,0.176,4.25294701947649,0.233949941456981,1176.52503622361,1
0.126,0.176,4.30017882341738,0.274430512328193,1167.52383468446,1
0.129,0.176,4.35559889321197,0.315449089769137,1158.0478019862,1
0.132,0.176,4.41934069900845,0.356694255478716,1148.03004837774,1
0.135,0.176,4.49147388392326,0.397762308771652,1137.40154926678,1
0.138,0.176,4.57198433685661,0.438155070298456,1126.09166401357,1
0.141,0.176,4.66075302229752,0.477281221268186,1114.02887562577,1
0.144,0.176,4.75753428024057,0.514462221963479,1101.14177506246,1
0.147,0.176,4.86193463191834,0.548943812616945,1087.36030831523,1
0.15,0.176,4.97339348265689,0.579913922585388,1072.61729429675,1
0.153,0.176,5.09116746390268,0.606527458476174,1056.85020565033,1
0.156,0.176,5.21432044152462,0.627937877983467,1040.00318200243,1
0.159,0.176,5.34172135294785,0.643334679694865,1022.02921575292,1
0.162,0.176,5.47205192182203,0.651984990744946,1002.89241541395,1
0.165,0.176,5.60382583840438,0.653276416069526,982.570213987699,1
0.168,0.176,5.73542012186672,0.646757396160926,961.055355766015,1
0.171,0.176,5.86511810393867,0.632170732551598,938.357472788133,1
0.174,0.176,5.99116190639527,0.609475926537503,914.504062272515,1
0.177,0.176,6.11181066747029,0.578856729356064,889.540708063496,1
0.18,0.176,6.22539944588174,0.540711876422139,863.530457010102,1
0.183,0.176,6.33039306591888,0.495629222184883,836.552360423114,1
0.186,0.176,6.42542944847871,0.444346030143586,808.699304940039,1
0.189,0.176,6.50934828649951,0.387700472066093,780.075360670563,1
0.192,0.176,6.58120308923055,0.326580905299414,750.792940312213,1
0.195,0.176,6.6402572188351,0.261879838381784,720.970072627363,1
0.198,0.176,6.68596703150627,0.194458557685485,690.728044932798,1
0.201,0.176,6.71795710518761,0.125126375684572,660.189576198155,1
0.204,0.176,6.73599344859197,0.0546358084707218,629.47756902443,1
0.207,0.176,6.73996043353911,-0.0163077791739967,598.714379891093,1
0.21,0.176,6.72984607764512,-0.0870259258900791,568.021461011921,1
0.213,0.176,6.70573847325572,-0.156841764264081,537.519173812088,1
0.216,0.176,6.66783392883544,-0.225055925024729,507.326556553457,1
0.219,0.176,6.61645510226668,-0.29092963952171,477.560846372381,1
0.222,0.176,6.55207540383088,-0.353679749972068,448.336606354782,1
0.225,0.176,6.47534455350201,-0.412488245046831,419.764386130782,1
0.228,0.176,6.38710965865962,-0.466526336185223,391.948940023665,1
0.231,0.176,6.28842667931961,-0.514990411125868,364.987123979553,1
0.234,0.176,6.1805586244848,-0.557144942946901,338.965670468324,1
0.237,0.176,6.0649590109994,-0.592366039786384,313.959079074644,1
0.24,0.176,5.94324157059328,-0.620179048883366,290.027847610793,1
0.243,0.176,5.81713939903602,-0.640284454747851,267.217205962663,1
0.246,0.176,5.68845826873582,-0.652567930066201,245.55641746734,1
0.249,0.176,5.55902943187404,-0.657092319805325,225.05860215228,1
0.252,0.176,5.43066691556064,-0.654071040849993,205.720932301967,1
0.255,0.176,5.30513322371346,-0.643823445738084,187.524964602345,1
0.258,0.176,5.18411575186037,-0.626712904564753,170.436805455743,1
0.261,0.176,5.06921427435161,-0.603067687383668,154.406750977065,1
0.264,0.176,4.96193760179728,-0.573083356013711,139.367993970951,1
0.267,0.176,4.86370472656177,-0.53670366860379,125.233947296506,1
0.27,0.176,4.77584202977036,-0.493475605083758,111.893713839073,1
0.273,0.176,4.6995628031242,-0.442374158812252,99.2052847862524,1
0.276,0.176,4.63590797317262,-0.381595949859919,86.9862606497764,1
0.279,0.176,4.58561801328657,-0.308330550453005,75.0024068034132,1
0.282,0.176,4.54889883864492,-0.218538402816362,62.9553772944546,1
0.285,0.176,4.52504756283351,-0.106796104131324,50.4728082336031,1
0.288,0.176,4.51193281009414,0.033693124117085,37.1079291421533,1
0.291,0.176,4.50540011455766,0.210808077485523,22.3694081035341,1
0.294,0.176,4.49884365211536,0.432865950211637,5.8791201220372,1
0.297,0.176,4.48379542088306,0.707693034050475,-11.7106633593286,1
0.3,0.176,4.45618395260024,1.04164021263793,-22.5920056626621,4
0.0,0.178,6.0,1.0,1804.66498125848,3
0.003,0.178,6.09118373987267,-0.138606852078076,1827.08612353658,1
0.006,0.178,6.25059751696191,-0.977357348686413,1839.63773721415,1
0.009,0.178,6.41793251964245,-1.5249754307941,1830.98773112582,1
0.012,0.178,6.54309007932207,-1.82875097814385,1805.49355359706,1
0.015,0.178,6.60189437707606,-1.95107622893207,1769.55107206414,1
0.018,0.178,6.59165563986538,-1.95120602688373,1728.53104258375,1
0.021,0.178,6.5220400826374,-1.87649575471174,1686.21711022313,1
0.024,0.178,6.40737718415693,-1.76081995765689,1644.98540479555,1
0.027,0.178,6.26199391850128,-1.62655449431448,1606.16326988099,1
0.03,0.178,6.09808079102229,-1.48754936654702,1570.3705409839,1
0.033,0.178,5.92510610678634,-1.3518425936805,1537.78543381723,1
0.036,0.178,5.74998580806813,-1.22372769665833,1508.3308535793,1
0.039,0.178,5.57753122262629,-1.10518733667198,1481.79581761666,1
0.042,0.178,5.4109362118882,-0.99683290772884,1457.9101672176,1
0.045,0.178,5.25220569852479,-0.898497595969763,1436.38811801812,1
0.048,0.178,5.10249816573006,-0.809600186185241,1416.95208588095,1
0.051,0.178,4.96238539186488,-0.729362558925559,1399.34452972919,1
0.054,0.178,4.8320432785036,-0.656936045017695,1383.33278457202,1
0.057,0.178,4.71138922684476,-0.591472041120612,1368.7099646291,1
0.06,0.178,4.60017966876888,-0.532159106612629,1355.2937892286,1
0.063,0.178,4.49807860005128,-0.478240282115551,1342.92441600707,1
0.066,0.178,4.40470532546119,-0.429019033107905,1331.46189703065,1
0.069,0.178,4.31966744395896,-0.383858909317254,1320.78359298779,1
0.072,0.178,4.24258341815268,-0.342179973584107,1310.78171609609,1
0.075,0.178,4.17309782003148,-0.303453810815774,1301.36107803195,1
0.078,0.178,4.11089143371453,-0.2671981748599,1292.43706674105,1
0.081,0.178,4.05568774060936,-0.232971879615069,1283.9338482035,1
0.084,0.178,4.00725684371808,-0.200370273574642,1275.78277575641,1
0.087,0.178,3.96541755297243,-0.16902148218205,1267.92098425075,1
0.09,0.178,3.93003811344278,-0.138583515380615,1260.29014550885,1
0.093,0.178,3.9010358849569,-0.108742291009964,1252.83536314198,1
0.096,0.178,3.8783761551167,-0.0792106009927114,1245.50418758354,1
0.099,0.178,3.86207017390093,-0.049728035570418,1238.24573552588,1
0.102,0.178,3.85217242728845,-0.0200618739163429,1231.00990146936,1
0.105,0.178,3.84877711307294,0.0099910578177345,1223.74665263115,1
0.108,0.178,3.85201374004941,0.0406015714321826,1216.40540195272,1
0.111,0.178,3.86204173962005,0.071904373852212,1208.93445737316,1
0.114,0.178,3.87904395565788,0.103993454844965,1201.28054891027,1
0.117,0.178,3.90321886454165,0.136916705306265,1193.38843842153,1
0.12,0.178,3.93477137421854,0.170669922651316,1185.20062020253,1
0.123,0.178,3.97390206175117,0.205190432558787,1176.6571237918,1
0.126,0.178,4.02079473703787,0.240350645497162,1167.69543342159,1
0.129,0.178,4.07560227134827,0.275951970509179,1158.25054135855,1
0.132,0.178,4.13843070893934,0.311719623288119,1148.25515471786,1
0.135,0.178,4.20932179457844,0.347298982463962,1137.64007691152,1
0.138,0.178,4.28823420488498,0.382254254103813,1126.33478529262,1
0.141,0.178,4.37502397026545,0.416070280750226,1114.26822523444,1
0.144,0.178,4.46942481537688,0.448158352768958,1101.36983715492,1
0.147,0.178,4.57102942011008,0.477866816043468,1087.57082607608,1
0.15,0.178,4.67927288905665,0.504497088523681,1072.80567237806,1
0.153,0.178,4.79341997936456,0.527325369542986,1057.01386676983,1
0.156,0.178,4.91255782213264,0.545629833096864,1040.14183181518,1
0.159,0.178,5.03559591357659,0.558722446296572,1022.14496698655,1
0.162,0.178,5.16127497472286,0.565983790565561,1002.98972567085,1
0.165,0.178,5.28818581669224,0.56689847622271,982.655603887155,1
0.168,0.178,5.41479856909254,0.561088069645711,961.136896601862,1
0.171,0.178,5.53950155725233,0.548338069820931,938.444065008391,1
0.174,0.178,5.66064785747142,0.5286155529839,914.604564231545,1
0.177,0.178,5.77660631326142,0.502074775685681,889.663011591961,1
0.18,0.178,5.88581281932997,0.469049305449205,863.680632706875,1
0.183,0.178,5.9868172412842,0.430031000161686,836.734001413833,1
0.186,0.178,6.07832163281177,0.385638093296796,808.913177062294,1
0.189,0.178,6.15920648391673,0.336576369805761,780.319420645273,1
0.192,0.178,6.22854343907249,0.283598543008444,751.062720605081,1
0.195,0.178,6.28559494909807,0.227467186925336,721.259367191125,1
0.198,0.178,6.32980326248176,0.168925863001252,691.029779148841,1
0.201,0.178,6.36077263895997,0.108681547670811,660.496717740972,1
0.204,0.178,6.37824941526624,0.047399430775066,629.78393739286,1
0.207,0.178,6.38210447053977,-0.0142909947340399,599.015237678386,1
0.21,0.178,6.37232178826216,-0.0757815195532826,568.313812451962,1
0.213,0.178,6.34899537441661,-0.136466782095906,537.801747624452,1
0.216,0.178,6.31233502002054,-0.195726703360525,507.599503219055,1
0.219,0.178,6.26267957289934,-0.252914464410829,477.825228208578,1
0.222,0.178,6.20051479382311,-0.307353696788684,448.593795980499,1
0.225,0.178,6.12649177824339,-0.358346918410105,420.015509146162,1
0.228,0.178,6.04144153112206,-0.405195224584291,392.194496178583,1
0.231,0.178,5.94638168903713,-0.447227174621719,365.226896278867,1
0.234,0.178,5.84251254492297,-0.48383307247948,339.198987507332,1
0.237,0.178,5.73120124026027,-0.514499748358007,314.185442247046,1
0.24,0.178,5.61395491480147,-0.538840688717223,290.247885072846,1
0.243,0.178,5.49238536692743,-0.556616913968842,267.433881827559,1
0.246,0.178,5.36816905547885,-0.567745143019166,245.776414672158,1
0.249,0.178,5.24300687896074,-0.572291150534497,225.293810146739,1
0.252,0.178,5.1185880765238,-0.570447417322784,205.989998620365,1
0.255,0.178,4.99656191386793,-0.562494856131849,187.85490071831,1
0.258,0.178,4.87851970516283,-0.548748342439322,170.864658595525,1
0.261,0.178,4.76598829205563,-0.529484906052948,154.981350459715,1
0.264,0.178,4.66043432087037,-0.504851789403184,140.151736875603,1
0.267,0.178,4.56327625944,-0.474749346289438,126.304483367153,1
0.27,0.178,4.47589748160306,-0.438681388364936,113.345197906929,1
0.273,0.178,4.39964795052115,-0.395564068363916,101.14856101461,1
0.276,0.178,4.33581282522751,-0.343485801065199,89.5469213089199,1
0.279,0.178,4.28551292339346,-0.279419111714816,78.3151887372258,1
0.282,0.178,4.24948630970933,-0.198907270715757,67.1530115474113,1
0.285,0.178,4.22769177646089,-0.0957913405582157,55.6676178078229,1
0.288,0.178,4.2186968702207,0.0378942627676419,43.3659292467753,1
0.291,0.178,4.21890457296448,0.211675341736868,29.6807130746695,1
0.294,0.178,4.22189835139881,0.435883510263152,14.1351254925895,1
0.297,0.178,4.21886295340338,0.720424986800607,-2.72699302270455,1
0.3,0.178,4.20478147898435,1.07339678334532,-13.2874425965645,4
0.0,0.18,6.0,1.0,1877.57974915575,3
0.003,0.18,6.10516672015413,-0.229090308016818,1901.7785584097,1
0.006,0.18,6.2795011145611,-1.09594633016413,1910.71811586097,1
0.009,0.18,6.44704449934066,-1.62362861339834,1893.21654777352,1
0.012,0.18,6.55225661207086,-1.8820801184809,1856.564011261,1
0.015,0.18,6.57495379228614,-1.95320519505186,1809.51550721262,1
0.018,0.18,6.52015854327211,-1.9080124324938,1758.70179885222,1
0.021,0.18,6.40458464684074,-1.79862414363557,1708.34549949301,1
0.024,0.18,6.24724191668849,-1.65933256137216,1660.8010046584,1
0.027,0.18,6.06482068205031,-1.51092137120122,1617.16867464669,1
0.03,0.18,5.87023662939682,-1.36507967658911,1577.78354413847,1
0.033,0.18,5.6727317876741,-1.22780900638837,1542.55336773407,1
0.036,0.18,5.47853973823087,-1.10173811214886,1511.17261651024,1
0.039,0.18,5.29163513281623,-0.987587768161145,1483.24889961944,1
0.042,0.18,5.11438266959084,-0.885056696192586,1458.37296344989,1
0.045,0.18,4.94804053262043,-0.793339646907397,1436.1545254681,1
0.048,0.18,4.79312897317716,-0.711421120251087,1416.23839930529,1
0.051,0.18,4.64969111474873,-0.638235903224969,1398.30976646446,1
0.054,0.18,4.51747352251153,-0.572752198244931,1382.09379994077,1
0.057,0.18,4.39604933443053,-0.514010670301799,1367.35259737599,1
0.06,0.18,4.28490121864198,-0.461139014672381,1353.88104761087,1
0.063,0.18,4.18347663699637,-0.413353427802562,1341.50248432264,1
0.066,0.18,4.09122419883816,-0.369953507100212,1330.06454622477,1
0.069,0.18,4.00761718942908,-0.330314262149101,1319.4354247364,1
0.072,0.18,3.9321684446171,-0.293877269263422,1309.50055333618,1
0.075,0.18,3.86443941104678,-0.260142052370495,1300.15972902376,1
0.078,0.18,3.8040453116843,-0.228658235169124,1291.32462720737,1
0.081,0.18,3.75065770429743,-0.199018711028452,1282.91666087214,1
0.084,0.18,3.70400528601066,-0.170853917433534,1274.86513404879,1
0.087,0.18,3.66387349741659,-0.143827221750837,1267.10564341999,1
0.09,0.18,3.63010327175486,-0.117631389847978,1259.57868768658,1
0.093,0.18,3.60258912886659,-0.091986098081631,1252.22845067279,1
0.096,0.18,3.5812767099863,-0.0666364500904698,1245.00173040108,1
0.099,0.18,3.56615977448002,-0.0413524652079245,1237.84699222532,1
0.102,0.18,3.55727662444199,-0.0159295103634398,1230.71352949305,1
0.105,0.18,3.55470588186032,0.0098103512241843,1223.55072013356,1
0.108,0.18,3.55856151237649,0.0360161259647239,1216.30737209732,1
0.111,0.18,3.56898696772798,0.0628048148180264,1208.93115477611,1
0.114,0.18,3.58614830537404,0.0902575648107616,1201.36811746928,1
0.117,0.18,3.6102261393111,0.118415149870221,1193.56229966793,1
0.12,0.18,3.64140628247695,0.147272932122709,1185.45544140844,1
0.123,0.18,3.67986896117068,0.176775517239052,1176.98680516394,1
0.126,0.18,3.72577651919109,0.206811393460325,1168.09312360925,1
0.129,0.18,3.77925958821615,0.237207931487831,1158.7086899666,1
0.132,0.18,3.84040178594152,0.267727216878668,1148.76560929694,1
0.135,0.18,3.90922311901733,0.298063280044419,1138.19422974849,1
0.138,0.18,3.98566241693749,0.327841369401867,1126.923772024,1
0.141,0.18,4.0695593060562,0.356619964074879,1114.88317270951,1
0.144,0.18,4.16063644537991,0.383896222746269,1102.00215208185,1
0.147,0.18,4.25848297608709,0.409115490555582,1088.21250901412,1
0.15,0.18,4.36254036356378,0.431685311770215,1073.44963412247,1
0.153,0.18,4.47209200126469,0.450994102438388,1057.65421702938,1
0.156,0.18,4.58625805535774,0.46643421635657,1040.77410463415,1
0.159,0.18,4.70399700461613,0.477428602139767,1022.76624530028,1
0.162,0.18,4.82411511701232,0.483459641093791,1003.59863054322,1
0.165,0.18,4.94528466047122,0.484098152128447,983.25212395454,1
0.168,0.18,5.06607095724113,0.479030061706276,961.722050790547,1
0.171,0.18,5.18496749444942,0.46807799472283,939.019415885536,1
0.174,0.18,5.30043729418194,0.451215170885952,915.171627390595,1
0.177,0.18,5.41095778250878,0.428569571188731,890.22263293611,1
0.18,0.18,5.51506567581145,0.400417367276521,864.232423488958,1
0.183,0.18,5.61139811860316,0.367165969256875,837.275923792814,1
0.186,0.18,5.69872659335431,0.329328523091107,809.441356889622,1
0.189,0.18,5.7759810006055,0.287492987604894,780.8282302497,1
0.192,0.18,5.84226266010453,0.242289757705498,751.545128989516,1
0.195,0.18,5.89684657312277,0.194361973365686,721.707508509548,1
0.198,0.18,5.9391748105755,0.14434210572481,691.435653224849,1
0.201,0.18,5.96884406190736,0.0928372434360995,660.852916386781,1
0.204,0.18,5.98559098843666,0.040423941954471,630.084290227414,1
0.207,0.18,5.98927898512179,-0.012348162403286,599.255289227576,1
0.21,0.18,5.97988930292827,-0.0649462444255303,568.491073735325,1
0.213,0.18,5.95751835562278,-0.116841008424834,537.915704261868,1
0.216,0.18,5.92238162958445,-0.16749402654142,507.651402522902,1
0.219,0.18,5.87482316402666,-0.216349323539713,477.817704462944,1
0.222,0.18,5.81532830638369,-0.262832056326841,448.530421269367,1
0.225,0.18,5.74453658521995,-0.306355864763117,419.900372315717,1
0.228,0.18,5.66325123929928,-0.346338906605996,392.031911719895,1
0.231,0.18,5.57244226810254,-0.382226996112034,365.021327600744,1
0.234,0.18,5.47324078443398,-0.413520923332059,338.955238536529,1
0.237,0.18,5.36692379411098,-0.43980417615156,313.90913470064,1
0.24,0.18,5.25489005158899,-0.460767049401245,289.946205481037,1
0.243,0.18,5.13862906311246,-0.476223487038404,267.116561152319,1
0.246,0.18,5.0196863898634,-0.48611779920037,245.45689929201,1
0.249,0.18,4.8996289988337,-0.490519355355994,224.990596060354,1
0.252,0.18,4.78001449365925,-0.489604168676762,205.72812608205,1
0.255,0.18,4.66236770414736,-0.483622671306276,187.667635771585,1
0.258,0.18,4.54816743648474,-0.472852716505964,170.795410385116,1
0.261,0.18,4.43884526558907,-0.457535786670291,155.085875433661,1
0.264,0.18,4.33579703937604,-0.437792456924898,140.500644707257,1
0.267,0.18,4.24040597570252,-0.413510359218456,126.985956889686,1
0.27,0.18,4.15407318877269,-0.384194376069646,114.467628237318,1
0.273,0.18,4.07824590821252,-0.348765193064443,102.842420975246,1
0.276,0.18,4.01442348779465,-0.305290457092829,91.9645963656625,1
0.279,0.18,3.96410388100716,-0.250637075155385,81.6266547761297,1
0.282,0.18,3.92860725018744,-0.180053072038365,71.5343690834223,1
0.285,0.18,3.90868560644343,-0.0867382845256533,61.2790537990383,1
0.288,0.18,3.90382731686368,0.0384422606950586,50.3167227085891,1
0.291,0.18,3.91126026451773,0.20683106994192,37.9838559790187,1
0.294,0.18,3.92495732755309,0.431130225585393,23.666015520129,1
0.297,0.18,3.93576138628256,0.723757998054827,7.7504493072236,1
0.3,0.18,3.93747058358806,1.09485800103041,-2.39459323739176,4
0.0,0.182,6.0,1.0,1967.33844528588,3
0.003,0.182,6.12189190638845,-0.331339363432457,1992.82066711451,1
0.006,0.182,6.31058170874402,-1.21954920577414,1994.97784216044,1
0.009,0.182,6.47059842624087,-1.71211497731477,1964.20025393864,1
0.012,0.182,6.54310573295317,-1.91143312163288,1912.33496428481,1
0.015,0.182,6.51643750231434,-1.92349216085379,1851.19214987741,1
0.018,0.182,6.40664436831969,-1.83109588519105,1788.68226676789,1
0.021,0.182,6.23864681506117,-1.68922806600885,1729.22422242861,1
0.024,0.182,6.035813611791,-1.53058492094633,1674.87543206961,1
0.027,0.182,5.81629005156789,-1.37292650913192,1626.28676163134,1
0.03,0.182,5.59277211903373,-1.2249647108778,1583.35433248267,1
0.033,0.182,5.37351363019061,-1.0902867927742,1545.6185343941,1
0.036,0.182,5.1635247028758,-0.969738887358029,1512.48867917095,1
0.039,0.182,4.96558985456551,-0.862796214661807,1483.35987288307,1
0.042,0.182,4.78102950528741,-0.768319796691899,1457.66803769658,1
0.045,0.182,4.61023422181086,-0.684958745701424,1434.91144319255,1
0.048,0.182,4.4530259783504,-0.611353998665235,1414.65514003075,1
0.051,0.182,4.30889674702095,-0.546233541734074,1396.52733711469,1
0.054,0.182,4.17716336575608,-0.488449880570219,1380.21250688077,1
0.057,0.182,4.05706653048299,-0.436987870608283,1365.44363588954,1
0.06,0.182,3.94783301812634,-0.390958236727344,1351.99476095886,1
0.063,0.182,3.84871395150968,-0.349584985803771,1339.67426328638,1
0.066,0.182,3.75900758130751,-0.312190984191795,1328.31905700057,1
0.069,0.182,3.67807214503001,-0.278183826715834,1317.78964945475,1
0.072,0.182,3.60533242841814,-0.247042970488049,1307.96598348177,1
0.075,0.182,3.54028237908568,-0.218308501730544,1298.74395103997,1
0.078,0.182,3.48248528325766,-0.191571599333598,1290.03246897197,1
0.081,0.182,3.43157246434505,-0.16646661755004,1281.75101838869,1
0.084,0.182,3.38724109772928,-0.142664655704642,1273.8275631545,1
0.087,0.182,3.34925149438023,-0.119868472890309,1266.19677706841,1
0.09,0.182,3.31742404419706,-0.097808617090735,1258.79852231398,1
0.093,0.182,3.29163590044329,-0.076240658260168,1251.57653315761,1
0.096,0.182,3.27181741127011,-0.0549434365951018,1244.47726870139,1
0.099,0.182,3.25794825141368,-0.0337182566198196,1237.44890691194,1
0.102,0.182,3.25005316931603,-0.0123889724307105,1230.44045938117,1
0.105,0.182,3.24819723765526,0.00919708209131,1223.40099256088,1
0.108,0.182,3.25248047611619,0.0311673633758607,1216.27894675176,1
0.111,0.182,3.26303170321512,0.0536216416748985,1209.02154908314,1
0.114,0.182,3.28000146930521,0.0766288488468826,1201.57432120637,1
0.117,0.182,3.30355392668448,0.100223349988222,1193.88068650884,1
0.12,0.182,3.33385750699057,0.124400778953803,1185.8816853504,1
0.123,0.182,3.37107430349176,0.149113630214565,1177.51581008592,1
0.126,0.182,3.41534809973188,0.174266863036429,1168.71897436635,1
0.129,0.182,3.46679104983551,0.199713846289559,1159.42463323902,1
0.132,0.182,3.52546910311905,0.225253048816355,1149.56407166549,1
0.135,0.182,3.59138637924849,0.250625953918304,1139.06687894318,1
0.138,0.182,3.66446884113412,0.275516736567331,1127.8616247974,1
0.141,0.182,3.74454777920642,0.299554274278933,1115.8767491993,1
0.144,0.182,3.8313438062819,0.322317049937268,1103.04167184704,1
0.147,0.182,3.92445225420202,0.343341428185965,1089.28811834523,1
0.15,0.182,4.02333104123924,0.362133628127667,1074.55164818057,1
0.153,0.182,4.12729221366916,0.378185460957272,1058.77335460969,1
0.156,0.182,4.23549841884155,0.39099354953867,1041.90168893787,1
0.159,0.182,4.34696549910868,0.400081312862017,1023.89434233987,1
0.162,0.182,4.46057216718336,0.405022519919331,1004.72009907312,1
0.165,0.182,4.57507730803869,0.405464758805559,984.360558228449,1
0.168,0.182,4.68914485050324,0.401150814500751,962.811610413693,1
0.171,0.182,4.80137540198237,0.391935800624828,940.084554771933,1
0.174,0.182,4.91034302681576,0.377798034535423,916.2067539969,1
0.177,0.182,5.01463479952064,0.358842132350138,891.221752604579,1
0.18,0.182,5.11289022926161,0.335293617560372,865.188826037408,1
0.183,0.182,5.2038374728034,0.307485390310814,838.18198094678,1
0.186,0.182,5.28632352147316,0.27583752518902,810.288482298983,1
0.189,0.182,5.35933626944635,0.240832839765893,781.60703056894,1
0.192,0.182,5.42201745118995,0.202991296655533,752.245742364091,1
0.195,0.182,5.47366669290113,0.16284642321853,722.3200938226,1
0.198,0.182,5.51373812729064,0.12092651318232,691.950966959859,1
0.201,0.182,5.54183195217663,0.0777424860348443,661.262899408126,1
0.204,0.182,5.557683808567,0.0337830895905353,630.382586426714,1
0.207,0.182,5.56115483981736,-0.0104831436978209,599.437630879724,1
0.21,0.182,5.55222479160955,-0.0546009145887262,568.555491340094,1
0.213,0.182,5.5309896250723,-0.098118694643576,537.86254736334,1
0.216,0.182,5.49766400040936,-0.14057970213275,507.48318811469,1
0.219,0.182,5.45258783311926,-0.181516110955074,477.53883700088,1
0.222,0.182,5.39623512042816,-0.220448688939834,448.146849321224,1
0.225,0.182,5.32922255233998,-0.256893083874815,419.419258383007,1
0.228,0.182,5.25231518380483,-0.290372776064559,391.461391820217,1
0.231,0.182,5.16642670487787,-0.320437496546142,364.370425827674,1
0.234,0.182,5.07261256928391,-0.346684880367975,338.233981677739,1
0.237,0.182,4.97205530545888,-0.36878245830187,313.12888830733,1
0.24,0.182,4.86604255000283,-0.38648688126967,289.120232191666,1
0.243,0.182,4.75593950219471,-0.399657504647387,266.260790774485,1
0.246,0.182,4.64315842019421,-0.408262011036461,244.590902026827,1
0.249,0.182,4.52912835662366,-0.412372415687343,224.138765842346,1
0.252,0.182,4.41526854430554,-0.412150336532433,204.921107513118,1
0.255,0.182,4.30296875010056,-0.407820581993789,186.944060085548,1
0.258,0.182,4.19357961300363,-0.399631701315098,170.204035489243,1
0.261,0.182,4.08841554924124,-0.387800964110849,154.688241109801,1
0.264,0.182,3.98877222086777,-0.372439099437272,140.37433835482,1
0.267,0.182,3.89595958905734,-0.353446824927238,127.228505530592,1
0.27,0.182,3.81134956386514,-0.33037054902983,115.200831433263,1
0.273,0.182,3.7364328171407,-0.302198689265814,104.216520280561,1
0.276,0.182,3.67286973263411,-0.267073799359342,94.1608980857129,1
0.279,0.182,3.62250103748422,-0.221892838222093,84.8559448432697,1
0.282,0.182,3.58724794104546,-0.161779052692108,76.0267308297085,1
0.285,0.182,3.5687775434841,-0.0794584846017276,67.2590465475157,1
0.288,0.182,3.56776322204024,0.0353001355339649,57.9575770705597,1
0.291,0.182,3.58263250453083,0.195809278288746,47.3389986391146,1
0.294,0.182,3.60807346383887,0.417598082287947,34.5951156153866,1
0.297,0.182,3.63463741730289,0.716223562197635,19.8818404409016,1
0.3,0.182,3.65461887581914,1.10432542292017,10.2516745440893,4
0.0,0.184,6.0,1.0,2080.1906730389,3
0.003,0.184,6.14141239094082,-0.446569150472863,2105.63486953687,1
0.006,0.184,6.34124579836128,-1.34403639130372,2095.56540321365,1
0.009,0.184,6.48062132684873,-1.78117630722597,2044.85409138521,1
0.012,0.184,6.50251948224673,-1.90622809550658,1972.33026348701,1
0.015,0.184,6.41055314069858,-1.85330038551637,1893.51524812213,1
0.018,0.184,6.23530104065866,-1.71505306345475,1817.31018186667,1
0.021,0.184,6.01010150777827,-1.54595691708047,1747.8241879155,1
0.024,0.184,5.76135093480307,-1.37450681056929,1686.3835943322,1
0.027,0.184,5.50708570039764,-1.21396511274367,1632.89071090651,1
0.03,0.184,5.25852164174154,-1.06941790490882,1586.62093905391,1
0.033,0.184,5.02206030014902,-0.941859044316915,1546.64616880229,1
0.036,0.184,4.80095300806234,-0.830398389452491,1512.03860238827,1
0.039,0.184,4.59649030689591,-0.733399503312477,1481.95675144982,1
0.042,0.184,4.40879364575629,-0.649038359498709,1455.67252754952,1
0.045,0.184,4.23732171039763,-0.575559781131106,1432.57108293247,1
0.048,0.184,4.08118584489247,-0.511380770342256,1412.13952743163,1
0.051,0.184,3.93934242805951,-0.455119091503417,1393.95230279859,1
0.054,0.184,3.81070763984228,-0.405587444306501,1377.65671624703,1
0.057,0.184,3.69422397033336,-0.361773548195205,1362.96001828511,1
0.06,0.184,3.58889706700089,-0.322816064543206,1349.61841015435,1
0.063,0.184,3.49381456946335,-0.287980955541993,1337.4279255788,1
0.066,0.184,3.40815417670451,-0.256640195885239,1326.21696277248,1
0.069,0.184,3.33118542468518,-0.228253440468279,1315.84020044684,1
0.072,0.184,3.26226792146472,-0.202352641457692,1306.17364410345,1
0.075,0.184,3.20084770577201,-0.17852935359971,1297.11058166596,1
0.078,0.184,3.14645271948419,-0.156424387144482,1288.55826462747,1
0.081,0.184,3.09868796193116,-0.135719470364696,1280.43516564584,1
0.084,0.184,3.05723062902386,-0.116130621113116,1272.66869355813,1
0.087,0.184,3.02182537345188,-0.0974029757134772,1265.193271742,1
0.09,0.184,2.99227971651338,-0.0793068724649157,1257.94870608799,1
0.093,0.184,2.96845957438504,-0.0616350310960783,1250.87878529437,1
0.096,0.184,2.95028481743197,-0.0442007065725608,1243.93006951368,1
0.099,0.184,2.93772475166905,-0.0268367250310821,1237.05083424605,1
0.102,0.184,2.93079339146297,-0.0093953310719957,1230.19014535828,1
0.105,0.184,2.92954437911612,0.0082512109536167,1223.29704866337,1
0.108,0.184,2.93406539882964,0.0262093139331763,1216.31986397523,1
0.111,0.184,2.94447192960509,0.044562119171538,1209.20557921236,1
0.114,0.184,2.96090018472296,0.0633669705944206,1201.89934513676,1
0.117,0.184,2.98349909607493,0.0826524035513325,1194.34407577415,1
0.12,0.184,3.01242122198354,0.102414772686139,1186.48016349361,1
0.123,0.184,3.04781248985245,0.122614686232298,1178.24532107888,1
0.126,0.184,3.0898007329911,0.143173465954681,1169.57456578558,1
0.129,0.184,3.13848304720397,0.163969910468932,1160.40036216219,1
0.132,0.184,3.19391207977637,0.184837700683379,1150.65294107131,1
0.135,0.184,3.25608147284407,0.205563843205322,1140.26081157949,1
0.138,0.184,3.32491081443557,0.225888591688147,1129.15147984861,1
0.141,0.184,3.40023060039797,0.245507305569023,1117.25238451042,1
0.144,0.184,3.48176787143122,0.264074686612418,1104.49205092149,1
0.147,0.184,3.56913334862172,0.281211761442754,1090.80145695592,1
0.15,0.184,3.66181102895416,0.296515839620499,1076.11559055225,1
0.153,0.184,3.75915129373416,0.309573463536589,1060.37516432363,1
0.156,0.184,3.86036859720979,0.31997607955118,1043.52843579917,1
0.159,0.184,3.9645447080846,0.32733781447589,1025.5330644389,1
0.162,0.184,4.07063824584763,0.331314370537904,1006.35792020413,1
0.165,0.184,4.17750087265835,0.33162170702171,985.984745525507,1
0.168,0.184,4.28389997811088,0.328052924710479,964.409565808001,1
0.171,0.184,4.38854706739167,0.320491682324729,941.643746057406,1
0.174,0.184,4.49013040602877,0.308920614132052,917.714605189524,1
0.177,0.184,4.58734988858452,0.293423616285047,892.665526113236,1
0.18,0.184,4.67895169971498,0.274181509272305,866.555537568124,1
0.183,0.184,4.76376022774534,0.251461390099966,839.458389006986,1
0.186,0.184,4.84070493603277,0.225600832839907,811.461186045601,1
0.189,0.184,4.90884049338708,0.196988822797357,782.662693218821,1
0.192,0.184,4.96735933433103,0.166045767316366,753.171435528778,1
0.195,0.184,5.01559682164027,0.133205010446283,723.103735661333,1
0.198,0.184,5.05303014177188,0.0988979589826342,692.581808930816,1
0.201,0.184,5.07927280824243,0.0635442562521824,661.732006405201,1
0.204,0.184,5.09406705111698,0.0275475391623917,630.683254897496,1
0.207,0.184,5.09727637166049,-0.0087036549142937,599.565698629783,1
0.21,0.184,5.08888015262034,-0.0448311349148652,568.509509025314,1
0.213,0.184,5.06897151446271,-0.0804603887608208,537.643802199193,1
0.216,0.184,5.03775872145283,-0.115214224127054,507.095591947475,1
0.219,0.184,4.99556951991352,-0.148708848856023,476.988710606925,1
0.222,0.184,4.94285698938376,-0.180554068645996,447.442649992363,1
0.225,0.184,4.88020494290754,-0.210358536537877,418.571306430052,1
0.228,0.184,4.80833072333624,-0.237740078549369,390.481652422263,1
0.231,0.184,4.72808344865723,-0.262340195275039,363.272395957505,1
0.234,0.184,4.64043633264924,-0.283841056879434,337.032719725286,1
0.237,0.184,4.54647255299968,-0.301982796013191,311.841210283527,1
0.24,0.184,4.44736511527345,-0.316578726974954,287.765087748136,1
0.243,0.184,4.34435211079873,-0.327526267732917,264.859829205104,1
0.246,0.184,4.23870955560949,-0.334811722009883,243.169246014811,1
0.249,0.184,4.13172454643404,-0.338507536927659,222.72603002949,1
0.252,0.184,4.02467176842973,-0.338760998232518,203.552729011495,1
0.255,0.184,3.91879649282035,-0.335773360054071,185.663046160628,1
0.258,0.184,3.81530720677897,-0.329767928342578,169.0632754424,1
0.261,0.184,3.71538102022085,-0.320944409720182,153.753567437177,1
0.264,0.184,3.6201850339141,-0.309414628937241,139.728541823386,1
0.267,0.184,3.53091681250231,-0.295111124654632,126.976479061721,1
0.27,0.184,3.44886651060863,-0.277654614748195,115.475873283221,1
0.273,0.184,3.37550081940255,-0.256158222493428,105.187439508148,1
0.276,0.184,3.31256186001069,-0.228935344137183,96.038697552275,1
0.279,0.184,3.26215641463009,-0.193065653685515,87.8971304442975,1
0.282,0.184,3.22677073530159,-0.143768119956521,80.5273717413274,1
0.285,0.184,3.20906570183049,-0.0735595755919635,73.5299013623294,1
0.288,0.184,3.21118667409581,0.0286866942316593,66.2673020954427,1
0.291,0.184,3.23327640553661,0.178332680671435,57.8137035512384,1
0.294,0.184,3.27127993988332,0.394301821293746,47.0871757061826,1
0.297,0.184,3.31561886988038,0.696225035782617,33.8893134008715,1
0.3,0.184,3.35665312525585,1.09994609626461,24.8776630066555,4
0.0,0.186,6.0,1.0,2225.48978252878,3
0.003,0.186,6.16283258712726,-0.575030990470749,2247.86100857676,1
0.006,0.186,6.3652397351233,-1.46126743747842,2216.16944434217,1
0.009,0.186,6.46251345953073,-1.8168908943216,2135.54366067969,1
0.012,0.186,6.40977857115808,-1.85314811627577,2035.23492860566,1
0.015,0.186,6.23505210527999,-1.73369999028616,1934.70726066477,1
0.018,0.186,5.9858843553896,-1.55580508832212,1842.94254132942,1
0.021,0.186,5.70226806999258,-1.36843659700263,1762.83501198422,1
0.024,0.186,5.41091437996714,-1.19303842707489,1694.3544254311,1
0.027,0.186,5.12754786984003,-1.03719346089179,1636.28830415787,1
0.03,0.186,4.86046036433001,-0.902082014341167,1587.09996089298,1
0.033,0.186,4.61336482899965,-0.786219846076007,1545.30217947086,1
0.036,0.186,4.38732093565181,-0.68722671543508,1509.59256055286,1
0.039,0.186,4.18193446428962,-0.602612334617471,1478.88170310047,1
0.042,0.186,3.99607247338418,-0.530092383686995,1452.27809546632,1
0.045,0.186,3.82827674541044,-0.467688182963048,1429.05912012298,1
0.048,0.186,3.67699593529334,-0.41373229482057,1408.64064732436,1
0.051,0.186,3.54071109679791,-0.366837437960205,1390.54989809738,1
0.054,0.186,3.41799952184153,-0.325854762431041,1374.4028233425,1
0.057,0.186,3.30756348581896,-0.289832624909332,1359.88585865477,1
0.06,0.186,3.20823948025182,-0.257980064816531,1346.74144034075,1
0.063,0.186,3.11899698760687,-0.229636062548532,1334.75658187342,1
0.066,0.186,3.03893200972779,-0.204244351002952,1323.75387204508,1
0.069,0.186,2.9672583051408,-0.181333080219,1313.58436194195,1
0.072,0.186,2.90329796908875,-0.160498537620335,1304.12191487463,1
0.075,0.186,2.84647221848142,-0.141392183245134,1295.25868645994,1
0.078,0.186,2.79629279546158,-0.123710368890037,1286.90147779962,1
0.081,0.186,2.75235414460115,-0.107186227406211,1278.96876435742,1
0.084,0.186,2.7143263711981,-0.0915833253721622,1271.38824934676,1
0.087,0.186,2.68194890526403,-0.0766907632231157,1264.09482599423,1
0.09,0.186,2.65502475010106,-0.0623194811496395,1257.0288603915,1
0.093,0.186,2.63341516968948,-0.0482995882073758,1250.13472778872,1
0.096,0.186,2.61703465603424,-0.034478578114432,1243.35955168327,1
0.099,0.186,2.60584601084962,-0.0207203299931206,1236.65210811981,1
0.102,0.186,2.59985537274061,-0.0069048172600092,1229.96186814732,1
0.105,0.186,2.5991070202422,0.0070715360716166,1223.23816005203,1
0.108,0.186,2.60367778267846,0.0212949047349615,1216.42944029321,1
0.111,0.186,2.61367089557391,0.0358325708135333,1209.48266835952,1
0.114,0.186,2.6292091466778,0.0507309541008107,1202.34278626216,1
0.117,0.186,2.65042717443938,0.0660132440805735,1194.95230821107,1
0.12,0.186,2.67746280528989,0.0816767392886819,1187.25103021311,1
0.123,0.186,2.71044735191002,0.097690033886341,1179.17587283144,1
0.126,0.186,2.74949484443763,0.113990232454808,1170.66087302133,1
0.129,0.186,2.7946902327415,0.130480420170927,1161.63734260187,1
0.132,0.186,2.84607668226252,0.14702766303437,1152.03421126802,1
0.135,0.186,2.90364218909861,0.163461856269225,1141.77857077825,1
0.138,0.186,2.96730586061021,0.179575770969616,1130.79643373605,1
0.141,0.186,3.03690434162082,0.195126660102695,1119.01371490352,1
0.144,0.186,3.11217900526571,0.209839764293922,1106.35743499902,1
0.147,0.186,3.19276465911031,0.223413994302908,1092.75713633478,1
0.15,0.186,3.2781806237758,0.235529951330811,1078.14648656398,1
0.153,0.186,3.36782510093373,0.245860273266826,1062.4650316614,1
0.156,0.186,3.46097373532561,0.25408206737444,1045.66004289382,1
0.159,0.186,3.55678316714417,0.259890921442393,1027.68838624779,1
0.162,0.186,3.65430014807562,0.263015703141661,1008.51832837021,1
0.165,0.186,3.75247645015197,0.263233101759747,988.131182750507,1
0.168,0.186,3.85018934394275,0.260380688155129,966.522696067659,1
0.171,0.186,3.94626689839838,0.254367220366357,943.704079622336,1
0.174,0.186,4.03951682101255,0.245179046705089,919.702606180961,1
0.177,0.186,4.12875709594922,0.232881774441046,894.561718669169,1
0.18,0.186,4.2128463783323,0.217616863404233,868.340632384766,1
0.183,0.186,4.29071204162978,0.199593411415742,841.113453037891,1
0.186,0.186,4.361373995013,0.179076027346808,812.96787340039,1
0.189,0.186,4.42396288142546,0.156370223259049,784.003545193811,1
0.192,0.186,4.47773197138576,0.131807091196961,754.330244154679,1
0.195,0.186,4.52206287140832,0.105729087867233,724.065951166468,1
0.198,0.186,4.55646593314826,0.0784785100169642,693.334960271463,1
0.201,0.186,4.58057684762487,0.0503897426701342,662.266097950111,1
0.204,0.186,4.59415123750962,0.0217856899035343,630.991102599041,1
0.207,0.186,4.59705906957851,-0.0070219277317504,599.64317529247,1
0.21,0.186,4.58928040655915,-0.0357293792633136,568.355679247331,1
0.213,0.186,4.57090346281421,-0.0640362780636329,537.26094129152,1
0.216,0.186,4.54212522117277,-0.0916411517910081,506.489097561116,1
0.219,0.186,4.50325413063649,-0.118238828807778,476.166928976624,1
0.222,0.186,4.45471376218817,-0.143520903899092,446.416648959959,1
0.225,0.186,4.39704586303972,-0.167179990861907,417.354633490031,1
0.228,0.186,4.33091109641649,-0.188917789859007,389.09011735621,1
0.231,0.186,4.25708591586609,-0.208456307360451,361.72391459086,1
0.234,0.186,4.17645447781628,-0.22555098132126,335.347249526593,1
0.237,0.186,4.08999517085817,-0.240004076682076,310.040802614456,1
0.24,0.186,3.99876212683536,-0.251676574638994,285.874078879835,1
0.243,0.186,3.90386285874016,-0.260496873914556,262.905196012536,1
0.246,0.186,3.80643384338042,-0.266464885322538,241.181165106976,1
0.249,0.186,3.70761637527602,-0.269650416495566,220.738702525688,1
0.252,0.186,3.60853536145748,-0.270184965354519,201.605567896876,1
0.255,0.186,3.51028396136288,-0.268246005203716,183.802369278486,1
0.258,0.186,3.4139172045565,-0.264032370258245,167.344704379142,1
0.261,0.186,3.32045806905259,-0.257728216550421,152.245398938526,1
0.264,0.186,3.23092009361194,-0.249450923127136,138.516427003414,1
0.267,0.186,3.14635147391143,-0.239174708787096,126.169794515826,1
0.27,0.186,3.06790658537194,-0.226615832623063,115.216141660386,1
0.273,0.186,2.9969512115083,-0.211055708781875,105.658912328988,1
0.276,0.186,2.93520523993173,-0.191063154905684,97.4804532361404,1
0.279,0.186,2.88491507450171,-0.164054670894518,90.6141194302612,1
0.282,0.186,2.84901358096712,-0.125603721241818,84.893616672862,1
0.285,0.186,2.83113459301191,-0.0683952575925137,79.9697912793569,1
0.288,0.186,2.83514392343427,0.0191893902644506,75.1918597967016,1
0.291,0.186,2.86357063886715,0.154448153245094,69.4805388092667,1
0.294,0.186,2.91452461839267,0.360341460198674,61.372189834585,1
0.297,0.186,2.97872864347003,0.662002904508835,50.1014251209783,1
0.3,0.186,3.04402509307999,1.07967272275814,41.8128957676408,4
0.0,0.188,6.0,1.0,2417.46866183496,3
0.003,0.188,6.18265224698021,-0.714436849477026,2430.19462924879,1
0.006,0.188,6.3685607041468,-1.55618724145905,2360.59406107538,1
0.009,0.188,6.38999507004774,-1.79923706771952,2235.30236357551,1
0.012,0.188,6.2328755884696,-1.73691930581223,2098.34052040881,1
0.015,0.188,5.95966258161057,-1.5572740268714,1972.01873674068,1
0.018,0.188,5.63362440075192,-1.35230337574123,1863.38330208418,1
0.021,0.188,5.29646268249819,-1.15947445564713,1772.67749991186,1
0.024,0.188,4.97107138101569,-0.990861881163861,1697.70883933902,1
0.027,0.188,4.66831933155023,-0.847924257588413,1635.76065970412,1
0.03,0.188,4.39222501245331,-0.728214456082055,1584.31847260466,1
0.033,0.188,4.1431991724594,-0.6282393746849,1541.27727918606,1
0.036,0.188,3.91989780368371,-0.544576864512661,1504.94894742933,1
0.039,0.188,3.72023125788813,-0.474247599994896,1474.00373432825,1
0.042,0.188,3.54189185720276,-0.41478358550811,1447.40007879898,1
0.045,0.188,3.38261672124226,-0.364185075363181,1424.32135538232,1
0.048,0.188,3.2403083622919,-0.320845582080161,1404.1243717376,1
0.051,0.188,3.11308070274349,-0.283476154077893,1386.29922777485,1
0.054,0.188,2.99926727885692,-0.251039488191728,1370.4386379233,1
0.057,0.188,2.89741137031959,-0.222696082429537,1356.21465468629,1
0.06,0.188,2.80624849355821,-0.197761525480982,1343.3610142976,1
0.063,0.188,2.72468664515514,-0.175673105242605,1331.65969649884,1
0.066,0.188,2.65178695400866,-0.155963867058497,1320.93062786608,1
0.069,0.188,2.5867459416482,-0.138242497435765,1311.02372992262,1
0.072,0.188,2.52887982220408,-0.122177719066284,1301.8127208767,1
0.075,0.188,2.47761088116307,-0.107486171301366,1293.1902343514,1
0.078,0.188,2.4324557821129,-0.0939229908211734,1285.06393214512,1
0.081,0.188,2.39301556818009,-0.0812744982444734,1277.35337135115,1
0.084,0.188,2.35896709770516,-0.0693525442810734,1269.98744726492,1
0.087,0.188,2.33005565346945,-0.0579901819992396,1262.90227854447,1
0.09,0.188,2.30608847621065,-0.0470384174799242,1256.03943454938,1
0.093,0.188,2.28692898826781,-0.0363638557837879,1249.3444299162,1
0.096,0.188,2.27249148809573,-0.025847107534756,1242.76543057751,1
0.099,0.188,2.2627361095119,-0.0153818570117972,1236.25213028795,1
0.102,0.188,2.25766385065503,-0.0048745178733253,1229.75476849836,1
0.105,0.188,2.25731148732709,0.0057555808813101,1223.22326999335,1
0.108,0.188,2.26174619479062,0.0165755274171117,1216.60649469324,1
0.111,0.188,2.27105971273413,0.0276377253373157,1209.85159284663,1
0.114,0.188,2.28536190187001,0.038978410717915,1202.9034667731,1
0.117,0.188,2.30477355964086,0.0506158536094362,1195.70434550569,1
0.12,0.188,2.32941838914708,0.0625483293192223,1188.19348316242,1
0.123,0.188,2.35941405213878,0.0747519708629635,1180.30699558321,1
0.126,0.188,2.39486228612722,0.0871786455405353,1171.97785254901,1
0.129,0.188,2.43583812939317,0.0997540338231839,1163.13604452052,1
0.132,0.188,2.48237837716469,0.112376124668642,1153.70894299632,1
0.135,0.188,2.53446948747461,0.12491437364769,1143.62187195579,1
0.138,0.188,2.59203526420965,0.137209792994535,1132.7989040751,1
0.141,0.188,2.6549247629883,0.149076248604506,1121.16388917967,1
0.144,0.188,2.72290098476079,0.160303219887699,1108.64171352573,1
0.147,0.188,2.7956310305927,0.170660226076199,1095.15977696748,1
0.15,0.188,2.87267847329805,0.17990303048269,1080.64966111191,1
0.153,0.188,2.95349873862305,0.187781599387857,1065.0489457882,1
0.156,0.188,3.0374382604007,0.194049617837055,1048.30311457453,1
0.159,0.188,3.12373806206344,0.198475162157058,1030.36747419531,1
0.162,0.188,3.21154220868664,0.200851919750837,1011.20899919968,1
0.165,0.188,3.29991126798964,0.201010161426343,990.808004623187,1
0.168,0.188,3.38784053005885,0.198826547372583,969.159547524504,1
0.171,0.188,3.47428229772797,0.194231822548526,946.274465258953,1
0.174,0.188,3.55817112512931,0.187215560049608,922.17997518136,1
0.177,0.188,3.63845051703058,0.177827353252897,896.919786949173,1
0.18,0.188,3.71409937515777,0.166174224332976,870.553712838537,1
0.183,0.188,3.78415644681854,0.152414463846593,843.156799846112,1
0.186,0.188,3.84774122536183,0.136748574215203,814.818044779668,1
0.189,0.188,3.90407016173961,0.119408377076453,785.638784431967,1
0.192,0.188,3.95246761945069,0.100645583860629,755.73087228888,1
0.195,0.188,3.99237165369234,0.0807211677675556,725.214757863601,1
0.198,0.188,4.02333531297763,0.0598966984379825,694.217574125827,1
0.201,0.188,4.0450246440888,0.0384284350060798,662.871314878814,1
0.204,0.188,4.05721484934894,0.0165644820889975,631.311151885394,1
0.207,0.188,4.05978605816697,-0.0054552177878024,599.673906911277,1
0.21,0.188,4.05271993712384,-0.0273967621462694,568.096662611092,1
0.213,0.188,4.03609792128139,-0.0490290939008644,536.715473410936,1
0.216,0.188,4.01010128329068,-0.0701209555184433,505.664126707889,1
0.219,0.188,3.97501266448348,-0.0904391676616943,475.072907291753,1
0.222,0.188,3.9312181749676,-0.10974916165523,445.067333274345,1
0.225,0.188,3.87920881692979,-0.127818290130116,415.766857396265,1
0.228,0.188,3.81957985933491,-0.144421944600739,387.283559161408,1
0.231,0.188,3.7530269179695,-0.15935200573436,359.720885628725,1
0.234,0.188,3.68033785494436,-0.172426725042916,333.172526540268,1
0.237,0.188,3.60238015001005,-0.183500852132036,307.721528325923,1
0.24,0.188,3.52008402933157,-0.192474713890168,283.439758661697,1
0.243,0.188,3.43442227534863,-0.199301014149908,260.38782809555,1
0.246,0.188,3.3463882083984,-0.203988305248036,238.615559156232,1
0.249,0.188,3.25697378561369,-0.206600301997579,218.163068689143,1
0.252,0.188,3.16715011117594,-0.207250354125454,199.06249772028,1
0.255,0.188,3.07785295234911,-0.206090336885014,181.340384062683,1
0.258,0.188,2.98997621651577,-0.203292809016884,165.020619735905,1
0.261,0.188,2.90437692054783,-0.199024319128326,150.127851813514,1
0.264,0.188,2.82189616976689,-0.193405900820864,136.69103760568,1
0.267,0.188,2.74340227993466,-0.186453536701003,124.746588524976,1
0.27,0.188,2.66986460213802,-0.177985714648503,114.340005268696,1
0.273,0.188,2.60246981811119,-0.167475316690257,105.523904150524,1
0.276,0.188,2.54279539868148,-0.153805914680857,98.3484067600634,1
0.279,0.188,2.49305418659952,-0.134862264786248,92.8364965243827,1
0.282,0.188,2.45640534805086,-0.10683596731821,88.9308834983387,1
0.285,0.188,2.43725990000031,-0.0630541622875559,86.3909244853229,1
0.288,0.188,2.44127524629313,0.007910734578035,84.6172215090415,1
0.291,0.188,2.47412181650139,0.124764289090307,82.4045766901144,1
0.294,0.188,2.53756690748926,0.315045750504567,77.7834821469388,1
0.297,0.188,2.62371154276385,0.611588294882631,69.0448966629411,1
0.3,0.188,2.71714028453559,1.04121883567569,61.5796522765264,4
0.0,0.19,6.0,1.0,2677.94962530804,3
0.003,0.19,6.19051204611465,-0.856552158140888,2667.11463441234,1
0.006,0.19,6.32082115754093,-1.60232333572773,2531.36479946386,1
0.009,0.19,6.21664272071055,-1.70161057109954,2340.36896860998,1
0.012,0.19,5.92416773791732,-1.54321766136957,2156.80097446137,1
0.015,0.19,5.54543652565305,-1.32143053280327,2001.51773484594,1
0.018,0.19,5.15019860817063,-1.10883946252843,1875.91126968117,1
0.021,0.19,4.77329763805224,-0.926369238369008,1775.59518589533,1
0.024,0.19,4.42905309751605,-0.77604692677501,1695.34824822294,1
0.027,0.19,4.12123539876639,-0.653885792948525,1630.6321921005,1
0.03,0.19,3.84875588264877,-0.55474534288898,1577.8650606859,1
0.033,0.19,3.60856208246899,-0.473926645718996,1534.32337035867,1
0.036,0.19,3.39703318961831,-0.407569090803491,1497.96029818187,1
0.039,0.19,3.21060956322556,-0.35263083834312,1467.23741124312,1
0.042,0.19,3.04604777725785,-0.306753209236105,1440.9912911321,1
0.045,0.19,2.90049848053922,-0.268113800094063,1418.33413662514,1
0.048,0.19,2.77150469268195,-0.235300504554127,1398.58142557462,1
0.051,0.19,2.65696778809679,-0.207212091135459,1381.19965856474,1
0.054,0.19,2.55510346727497,-0.182982492819226,1365.76855699233,1
0.057,0.19,2.46439775241745,-0.161924012578835,1351.95355079359,1
0.06,0.19,2.38356710373972,-0.143484919494044,1339.4855791421,1
0.063,0.19,2.31152393938534,-0.127217764271217,1328.14610727624,1
0.066,0.19,2.24734756842938,-0.112755615514796,1317.75588757196,1
0.069,0.19,2.19026002237478,-0.0997941436477865,1308.16642929108,1
0.072,0.19,2.13960610273992,-0.088078037016145,1299.25344429811,1
0.075,0.19,2.09483695603451,-0.0773906481711345,1290.91174645243,1
0.078,0.19,2.05549654716973,-0.0675460698806336,1283.05122926178,1
0.081,0.19,2.02121048244525,-0.0583830589802391,1275.59364965589,1
0.084,0.19,1.99167671283064,-0.0497603844850729,1268.47001900821,1
0.087,0.19,1.96665771871956,-0.0415532913388955,1261.61845507053,1
0.09,0.19,1.94597383602699,-0.0336508549562987,1254.98238662343,1
0.093,0.19,1.92949743054471,-0.0259540629387412,1248.50903073703,1
0.096,0.19,1.91714766420074,-0.0183745050393232,1242.14808359192,1
0.099,0.19,1.90888562509764,-0.0108335847614974,1235.85058192524,1
0.102,0.19,1.9047096149002,-0.0032621886998269,1229.56790481172,1
0.105,0.19,1.90465040431891,0.0043992353094784,1223.25089569378,1
0.108,0.19,1.90876628213575,0.0122002318368191,1216.8490930545,1
0.111,0.19,1.91713773754338,0.020179561586033,1210.31006536878,1
0.114,0.19,1.92986163170285,0.0283641368161448,1203.57885227634,1
0.117,0.19,1.94704473465043,0.0367677188964892,1196.5975194558,1
0.12,0.19,1.96879653034805,0.0453894425434438,1189.30483947685,1
0.123,0.19,1.99522122810335,0.0542122502846441,1181.63611488932,1
0.126,0.19,2.02640896492509,0.0632013437740612,1173.52316279555,1
0.129,0.19,2.06242624232703,0.0723027843011106,1164.89448187697,1
0.132,0.19,2.10330571353462,0.0814424009148039,1155.67562296963,1
0.135,0.19,2.14903552259051,0.0905251877150535,1145.78978242611,1
0.138,0.19,2.19954849326884,0.0994353876516393,1135.15863328373,1
0.141,0.19,2.2547115683562,0.108037463242626,1123.7034023592,1
0.144,0.19,2.31431600119135,0.116178139013919,1111.34619162104,1
0.147,0.19,2.37806889066035,0.123689660365039,1098.01152958204,1
0.15,0.19,2.44558671440561,0.130394344491277,1083.62812334749,1
0.153,0.19,2.51639153697562,0.136110399278012,1068.13076508613,1
0.156,0.19,2.58991053374477,0.140658858601706,1051.46232924318,1
0.159,0.19,2.66547936368305,0.14387133616569,1033.57578042906,1
0.162,0.19,2.74234973628906,0.145598150721052,1014.43609860963,1
0.165,0.19,2.81970125181208,0.145716245568099,994.022020219978,1
0.168,0.19,2.89665726411349,0.144136240997717,972.327493266152,1
0.171,0.19,2.97230415208274,0.140807945885813,949.362753041483,1
0.174,0.19,3.04571303242291,0.135723733619345,925.154943523414,1
0.177,0.19,3.1159626570697,0.128919364436797,899.748237256589,1
0.18,0.19,3.18216206621725,0.120472099267464,873.203441397602,1
0.183,0.19,3.24347155571391,0.110496267272124,845.597115855634,1
0.186,0.19,3.29912068589453,0.0991367717334227,817.020266214315,1
0.189,0.19,3.34842239750677,0.0865612897473655,787.57670411042,1
0.192,0.19,3.39078276637993,0.0729520874246008,757.381186395765,1
0.195,0.19,3.42570645209494,0.0584983978033287,726.557448846395,1
0.198,0.19,3.45279839316126,0.0433901831077982,695.236239928587,1
0.201,0.19,3.47176269044023,0.0278138450599622,663.553437278349,1
0.204,0.19,3.482399838587,0.0119501005402516,631.64829834748,1
0.207,0.19,3.48460347923598,-0.0040261352299719,599.661862675026,1
0.21,0.19,3.47835766221642,-0.019944355856147,567.735492278431,1
0.213,0.19,3.46373524888727,-0.0356363078338648,536.009513819257,1
0.216,0.19,3.4408976380207,-0.0509339356188848,504.621915082886,1
0.219,0.19,3.41009551850975,-0.0656682607429992,473.707050552241,1
0.222,0.19,3.37166993634739,-0.0796698551197441,443.39432595357,1
0.225,0.19,3.32605267751884,-0.0927712838472904,413.806857103854,1
0.228,0.19,3.27376486366103,-0.10481154431882,385.060130094926,1
0.231,0.19,3.21541275347121,-0.115642174973143,357.260722790013,1
0.234,0.19,3.15168002633222,-0.125134406949023,330.505176723358,1
0.237,0.19,3.08331625158851,-0.133186531581364,304.879129622233,1
0.24,0.19,3.01112175302371,-0.139730580070998,280.456829449917,1
0.243,0.19,2.93592959365241,-0.144737454127803,257.301150741164,1
0.246,0.19,2.85858587308562,-0.14821977394678,235.464224692542,1
0.249,0.19,2.77992991823643,-0.150231863398727,214.988778861078,1
0.252,0.19,2.70077626712657,-0.150866393578865,195.91026329966,1
0.255,0.19,2.62190065080003,-0.150247160426939,178.259818623343,1
0.258,0.19,2.54403257749853,-0.148517162410605,162.068114646474,1
0.261,0.19,2.46785778381493,-0.14582040416037,147.370044081829,1
0.264,0.19,2.3940349844207,-0.142274407651579,134.210166489662,1
0.267,0.19,2.32323337677309,-0.137927767931523,122.648601532093,1
0.27,0.19,2.25620075092803,-0.132692270667508,112.766645778172,1
0.273,0.19,2.19387745504618,-0.126230246781012,104.670447130279,1
0.276,0.19,2.13757969985901,-0.117760897847045,98.4891561108181,1
0.279,0.19,2.08928568347194,-0.10571767352949,94.3595651262094,1
0.282,0.19,2.05206799153046,-0.0871228288910475,92.3815230572283,1
0.285,0.19,2.03068530302318,-0.05643467114743,92.5089004481022,1
0.288,0.19,2.03224210347683,-0.0033853450853292,94.3184179491227,1
0.291,0.19,2.06606486366326,0.0908595835923917,96.5996564187082,1
0.294,0.19,2.13984231711713,0.25831535224868,96.8064562430382,1
0.297,0.19,2.24965570700744,0.542751668320543,91.6433278157832,1
0.3,0.19,2.37618121750849,0.982025930732699,85.1114691206861,4
0.0,0.192,6.0,1.0,3039.97636622374,3
0.003,0.192,6.1578893519845,-0.980008230719643,2976.22266517428,1
0.006,0.192,6.15685928750538,-1.55599932890308,2725.95560212401,1
0.009,0.192,5.86305006249614,-1.49432577938655,2441.74677226261,1
0.012,0.192,5.41742084198718,-1.26560803223925,2202.93949489092,1
0.015,0.192,4.94668882351051,-1.03329149393515,2018.17423896758,1
0.018,0.192,4.50633752989557,-0.837516519060738,1877.54340834205,1
0.021,0.192,4.11490660324738,-0.68198655845002,1769.88520449903,1
0.024,0.192,3.77435838060651,-0.560376312523854,1686.32902526026,1
0.027,0.192,3.48041026236931,-0.465209317017615,1620.39327415567,1
0.03,0.192,3.22700906378632,-0.390130450302165,1567.47606258914,1
0.033,0.192,3.0081395567425,-0.330246143507143,1524.31507377026,1
0.036,0.192,2.8184527315702,-0.281913048437475,1488.57844557028,1
0.039,0.192,2.65340777069814,-0.242443391627775,1458.57703116632,1
0.042,0.192,2.50922761270516,-0.209849682860549,1433.068671986,1
0.045,0.192,2.38279567810431,-0.18265063989048,1411.12570777048,1
0.048,0.192,2.2715449655983,-0.159730473528678,1392.04488185006,1
0.051,0.192,2.17335814091417,-0.140238634835107,1375.28542406083,1
0.054,0.192,2.08648364282676,-0.123518629800349,1360.42593645758,1
0.057,0.192,2.00946751906789,-0.109057291994274,1347.13393678646,1
0.06,0.192,1.94109891184357,-0.0964483724096642,1335.14402281942,1
0.063,0.192,1.88036676269293,-0.0853661702439373,1324.24198338476,1
0.066,0.192,1.82642549800586,-0.0755462501139985,1314.25306516042,1
0.069,0.192,1.77856780912266,-0.0667712042881521,1305.03318084872,1
0.072,0.192,1.73620300205694,-0.0588600433817254,1296.46222458907,1
0.075,0.192,1.69883970766848,-0.0516602263170143,1288.43891418707,1
0.078,0.192,1.66607200089892,-0.0450416338579375,1280.87675117598,1
0.081,0.192,1.63756818073106,-0.038891993036356,1273.70080708447,1
0.084,0.192,1.61306161918787,-0.0331134014076067,1266.84512570757,1
0.087,0.192,1.59234320694749,-0.0276196997848245,1260.25058847241,1
0.09,0.192,1.57525501305862,-0.0223345129337218,1253.86313092393,1
0.093,0.192,1.5616848434757,-0.0171898283888873,1247.63222810449,1
0.096,0.192,1.55156143308024,-0.0121250199273069,1241.50958865583,1
0.099,0.192,1.54485004283541,-0.007086248210777,1235.44801421205,1
0.102,0.192,1.54154826125465,-0.0020261892684315,1229.40039371907,1
0.105,0.192,1.54168183040732,0.0030959464951114,1223.31881284139,1
0.108,0.192,1.54530033382613,0.0083141351704513,1217.15376738228,1
0.111,0.192,1.55247259930533,0.0136550280798662,1210.85347717034,1
0.114,0.192,1.56328168596915,0.0191372381033094,1204.36330347992,1
0.117,0.192,1.57781934439264,0.0247704590106288,1197.62527892067,1
0.12,0.192,1.59617986318506,0.030554462676386,1190.57776388103,1
0.123,0.192,1.61845324741564,0.0364780319624998,1183.15524794449,1
0.126,0.192,1.64471771545926,0.0425179028170121,1175.28831800666,1
0.129,0.192,1.67503155268946,0.0486378067253725,1166.90381679378,1
0.132,0.192,1.70942442359669,0.0547877224498636,1157.92521572785,1
0.135,0.192,1.74788831782748,0.0609034616882212,1148.27322416157,1
0.138,0.192,1.79036838815062,0.0669067238175253,1137.86665247723,1
0.141,0.192,1.83675402518646,0.0727057565572933,1126.62353904008,1
0.144,0.192,1.88687059814843,0.0781967481137571,1114.46254030247,1
0.147,0.192,1.94047236352025,0.0832660482501691,1101.30456951241,1
0.15,0.192,1.99723709288479,0.0877932678311221,1087.07465289097,1
0.153,0.192,2.0567629839275,0.0916552377857895,1071.70395365977,1
0.156,0.192,2.11856838194617,0.0947307213440646,1055.1318952811,1
0.159,0.192,2.18209474239544,0.096905674173424,1037.30829756883,1
0.162,0.192,2.24671310273648,0.0980787466544881,1018.19542518011,1
0.165,0.192,2.31173410711055,0.0981666361444249,997.769839813601,1
0.168,0.192,2.37642135386114,0.0971088423720817,976.023947467149,1
0.171,0.192,2.44000753927684,0.09487137325771,952.967141997208,1
0.174,0.192,2.50171258722992,0.0914490040375168,928.626466578046,1
0.177,0.192,2.56076272607526,0.0868658132845812,903.046744640084,1
0.18,0.192,2.61640934297277,0.0811738967309779,876.290168992321,1
0.183,0.192,2.66794644395991,0.0744503720246875,848.435378079909,1
0.186,0.192,2.71472568985594,0.0667930022024929,819.576086605938,1
0.189,0.192,2.75616825372624,0.0583149451429033,789.819368717537,1
0.192,0.192,2.79177312041013,0.0491392458795694,759.283711038439,1
0.195,0.192,2.82112186733018,0.0393937047324324,728.096957170309,1
0.198,0.192,2.84388036256054,0.0292066700650342,696.39425441909,1
0.201,0.192,2.85979812691552,0.0187041324280876,664.316089535308,1
0.204,0.192,2.8687062818424,0.0080082658343037,632.006467497214,1
0.207,0.192,2.87051501789779,-0.0027626884970844,599.611251528056,1
0.21,0.192,2.86521137119633,-0.0134935279330649,567.276649717001,1
0.213,0.192,2.85285781605555,-0.0240706823906092,535.147809240217,1
0.216,0.192,2.83359182119542,-0.0343808743103931,503.367467177465,1
0.219,0.192,2.80762613710805,-0.0443104024473368,472.074609133576,1
0.222,0.192,2.77524924880175,-0.0537454925972127,441.403102857535,1
0.225,0.192,2.73682519809685,-0.0625739691262298,411.480301195603,1
0.228,0.192,2.69279189263603,-0.0706882697054464,382.425642727499,1
0.231,0.192,2.6436570904438,-0.0779895911247313,354.349314093542,1
0.234,0.192,2.58999146857338,-0.0843927552717688,327.351070130523,1
0.237,0.192,2.53241851783757,-0.0898312520413939,301.519332309083,1
0.24,0.192,2.47160140274197,-0.0942618660854843,276.930700249201,1
0.243,0.192,2.40822733230613,-0.0976683241762662,253.650015221031,1
0.246,0.192,2.34299035847482,-0.100063487568677,231.731110717528,1
0.249,0.192,2.2765738310516,-0.10148972050436,211.21837736119,1
0.252,0.192,2.20963400014707,-0.102017140282693,192.149262310243,1
0.255,0.192,2.14278651733008,-0.101739432740305,174.557821148327,1
0.258,0.192,2.07659794132424,-0.100766718535788,158.479444728134,1
0.261,0.192,2.01158496227078,-0.0992144615432657,143.956890909946,1
0.264,0.192,1.94822517246111,-0.0971864188818587,131.04774585479,1
0.267,0.192,1.8869852407812,-0.0947477531154947,119.833381893739,1
0.27,0.192,1.82837596988029,-0.0918808958453429,110.429263649114,1
0.273,0.192,1.77305013711062,-0.0884098486720461,102.995877701942,1
0.276,0.192,1.72197006850236,-0.0838651278977793,97.74792517723,1
0.279,0.192,1.67669168726556,-0.077231807757095,94.9560194820209,1
0.282,0.192,1.6398398155839,-0.0664663724377772,94.9238804363406,1
0.285,0.192,1.61590813635513,-0.0475056313417556,97.9086982067871,1
0.288,0.192,1.61245390706208,-0.0122681293307023,103.870228474315,1
0.291,0.192,1.64188641091411,0.0559112253131107,111.897929417968,1
0.294,0.192,1.72043481463598,0.191457329931184,119.07705149637,1
0.297,0.192,1.85412251041966,0.453007452644063,119.631764484715,1
0.3,0.192,2.02057363661496,0.8992614735743,114.343943078793,4
0.0,0.194,6.0,1.0,3550.33978837772,3
0.003,0.194,6.00565591825606,-1.03571937767225,3371.35139233639,1
0.006,0.194,5.73811944132318,-1.35377692355515,2927.70116391348,1
0.009,0.194,5.20273103935249,-1.15959538771944,2522.35933529901,1
0.012,0.194,4.63278132293706,-0.917685272303103,2226.56902866233,1
0.015,0.194,4.1168062027421,-0.714502775520232,2016.77862140857,1
0.018,0.194,3.676497581687,-0.560024895146799,1865.71898720553,1
0.021,0.194,3.30800836445726,-0.444988783587226,1754.39564915209,1
0.024,0.194,3.00066573909209,-0.359037491232852,1670.19843081937,1
0.027,0.194,2.74339314353621,-0.293967845272657,1604.93533036221,1
0.03,0.194,2.5266488464373,-0.243900316331271,1553.20487252886,1
0.033,0.194,2.34271740010398,-0.204727853586011,1511.37672079406,1
0.036,0.194,2.18550323630407,-0.173587437846993,1476.95319250385,1
0.039,0.194,2.05021859808801,-0.148464741571394,1448.17567094117,1
0.042,0.194,1.9330946890724,-0.12792281712933,1423.77817402919,1
0.045,0.194,1.83114696720783,-0.110920347884185,1402.83049489844,1
0.048,0.194,1.74199387823828,-0.0966904009222461,1384.63624656265,1
0.051,0.194,1.66371966718461,-0.0846590086205225,1368.66518499357,1
0.054,0.194,1.59477121078216,-0.0743898814239191,1354.50733733058,1
0.057,0.194,1.5338803866845,-0.0655463594684937,1341.8412798243,1
0.06,0.194,1.48000541068275,-0.0578648560386585,1330.41177736526,1
0.063,0.194,1.43228623684714,-0.0511360594429442,1320.01373274538,1
0.066,0.194,1.39001041236548,-0.0451914451470868,1310.4804632753,1
0.069,0.194,1.35258674412847,-0.0398934741171132,1301.6749933095,1
0.072,0.194,1.31952483779072,-0.0351283866479375,1293.48347978352,1
0.075,0.194,1.29041907859032,-0.0308008500700796,1285.81016647795,1
0.078,0.194,1.26493598986301,-0.0268299501763775,1278.57344697325,1
0.081,0.194,1.24280416972589,-0.0231461716866756,1271.70274013995,1
0.084,0.194,1.22380619765026,-0.0196891189027386,1265.13596667,1
0.087,0.194,1.20777204118883,-0.0164058006838808,1258.81747397056,1
0.09,0.194,1.19457359362518,-0.0132493548018478,1252.69629831607,1
0.093,0.194,1.18412004624076,-0.0101781226296508,1246.72468310801,1
0.096,0.194,1.17635385179241,-0.0071550105715348,1240.85679415433,1
0.099,0.194,1.17124707419422,-0.0041470926568032,1235.04758956509,1
0.102,0.194,1.16879794746923,-0.0011254212601675,1229.25181487698,1
0.105,0.194,1.16902748803616,0.0019349787637942,1223.42310454241,1
0.108,0.194,1.1719760210014,0.0050549523484072,1217.51317975085,1
0.111,0.194,1.17769949566026,0.0082509107658689,1211.47114022586,1
0.114,0.194,1.18626547999727,0.0115344011026407,1205.24285449102,1
0.117,0.194,1.19774874062657,0.0149115705984807,1198.77045928342,1
0.12,0.194,1.21222633526161,0.0183825534852365,1191.99198433116,1
0.123,0.194,1.22977217125725,0.0219408158463468,1184.84112348091,1
0.126,0.194,1.25045101761266,0.0255725037117856,1177.24717691637,1
0.129,0.194,1.27431200023171,0.0292558504588385,1169.13519158674,1
0.132,0.194,1.30138166171213,0.0329607105964013,1160.42632750726,1
0.135,0.194,1.33165672697798,0.0366482967242652,1151.03847578347,1
0.138,0.194,1.36509678281742,0.0402712029749461,1140.88714952165,1
0.141,0.194,1.40161714925044,0.0437737992618019,1129.88666076623,1
0.144,0.194,1.44108228805062,0.0470930736546466,1117.95158496973,1
0.147,0.194,1.48330015105634,0.0501599827839658,1104.99849926186,1
0.15,0.194,1.52801790873941,0.0529013405604724,1090.947962367,1
0.153,0.194,1.57491950744281,0.0552422331750902,1075.72668337294,1
0.156,0.194,1.62362547163832,0.0571088947601346,1059.26980521328,1
0.159,0.194,1.6736952875246,0.0584319172381216,1041.52320880037,1
0.162,0.194,1.72463257273417,0.0591496065693243,1022.44572778402,1
0.165,0.194,1.77589305699096,0.0592112451581747,1002.01115464873,1
0.168,0.194,1.82689518188293,0.0585799873724925,980.209918818951,1
0.171,0.194,1.87703289516199,0.0572351123324821,957.050328435834,1
0.174,0.194,1.92568999462631,0.0551733928122078,932.559290106463,1
0.177,0.194,1.97225520149614,0.0524094132703757,906.782454180214,1
0.18,0.194,2.01613704496828,0.0489747782943482,879.78377413881,1
0.183,0.194,2.05677764229789,0.0449162818036191,851.644512989181,1
0.186,0.194,2.09366457225323,0.040293237499367,822.461771507324,1
0.189,0.194,2.12634025581742,0.0351742795902189,792.346646957537,1
0.192,0.194,2.15440854939464,0.0296340089083805,761.42215152974,1
0.195,0.194,2.17753858006286,0.0237498689509124,729.821024102752,1
0.198,0.194,2.19546615919356,0.0175995851395291,697.683556541415,1
0.201,0.194,2.20799335108172,0.0112593961146486,665.155528848296,1
0.204,0.194,2.21498690891623,0.0048031656102945,632.386310816725,1
0.207,0.194,2.21637630114652,-0.0016976886822176,599.527147672678,1
0.21,0.194,2.21215193808123,-0.0081736511193686,566.729610330436,1
0.213,0.194,2.20236399320326,-0.0145562523247573,534.144163442587,1
0.216,0.194,2.18712193469508,-0.0207772533967823,501.918790859155,1
0.219,0.194,2.16659458850266,-0.0267682100412132,470.197620560223,1
0.222,0.194,2.14101029527358,-0.0324606872748363,439.119509125572,1
0.225,0.194,2.1106565436662,-0.0377872808865636,408.816576438571,1
0.228,0.194,2.07587839226647,-0.0426834619394026,379.412719784504,1
0.231,0.194,2.03707504356845,-0.0470901190620118,351.022176979629,1
0.234,0.194,1.99469409785181,-0.0509565536611576,323.748244926532,1
0.237,0.194,1.9492232659525,-0.0542436041488038,297.682288491676,1
0.24,0.194,1.90117961941443,-0.0569265466421939,272.90319242161,1
0.243,0.194,1.85109676258624,-0.0589974400056427,249.477416400262,1
0.246,0.194,1.79951058887719,-0.0604666397825872,227.459813309457,1
0.249,0.194,1.74694451384311,-0.0613632758896197,206.895368688762,1
0.252,0.194,1.69389526644021,-0.0617345426093004,187.822022421388,1
0.255,0.194,1.64082050296578,-0.0616436491874238,170.274749809863,1
0.258,0.194,1.58812976115925,-0.0611661773275692,154.291116459686,1
0.261,0.194,1.5361807237687,-0.0603843171314773,139.918586448567,1
0.264,0.194,1.48528362699435,-0.0593778802781153,127.223959255996,1
0.267,0.194,1.43571829919169,-0.0582098770730282,116.305428275538,1
0.27,0.194,1.38777142550206,-0.0569022601174031,107.307860295912,1
0.273,0.194,1.34180745632038,-0.0553931334974239,100.441830668591,1
0.276,0.194,1.29839778199939,-0.053457276469731,96.0065118453121,1
0.279,0.194,1.25855377239249,-0.0505530325811858,94.4138205270996,1
0.282,0.194,1.22415476342428,-0.0455041973911244,96.2070924750589,1
0.285,0.194,1.1987310811679,-0.035843021196004,102.034365459441,1
0.288,0.194,1.18901909618524,-0.0161541312590592,112.528673275779,1
0.291,0.194,1.20746628134994,0.0253223589447355,127.623415444349,1
0.294,0.194,1.27897172649355,0.119134465243659,145.035256255929,1
0.297,0.194,1.43119220738016,0.339995695982371,156.209075676115,1
0.3,0.194,1.64716920284558,0.78965606666411,153.875461457823,4
0.0,0.196,6.0,1.0,4259.74690955213,3
0.003,0.196,5.50034761127686,-0.919988965064285,3829.56012325131,1
0.006,0.196,4.77327488798711,-0.936622331836633,3090.34431889173,1
0.009,0.196,4.08128365439473,-0.730477427229014,2558.30910503345,1
0.012,0.196,3.49157510790895,-0.541794716898441,2218.94676361821,1
0.015,0.196,3.01913992611445,-0.403886615807019,1994.17344276544,1
0.018,0.196,2.64506324266307,-0.306888038179432,1839.9047849296,1
0.021,0.196,2.34738347424616,-0.238447993912233,1729.5548631593,1
0.024,0.196,2.10771628711556,-0.189229570733926,1647.71679407899,1
0.027,0.196,1.9121834810283,-0.153011142845785,1585.07529387714,1
0.03,0.196,1.75058944407424,-0.125735248287318,1535.82217611441,1
0.033,0.196,1.61546623022658,-0.104746671196432,1496.19860129074,1
0.036,0.196,1.50129791188965,-0.0882788941053905,1463.68935255995,1
0.039,0.196,1.403958184468,-0.0751323773983155,1436.55851544715,1
0.042,0.196,1.32031602835484,-0.0644747062163601,1413.57464321283,1
0.045,0.196,1.24796158314256,-0.0557157889378938,1393.84261873959,1
0.048,0.196,1.18501482608238,-0.0484287254675334,1376.69768724264,1
0.051,0.196,1.12999078126501,-0.042298713413866,1361.63674369943,1
0.054,0.196,1.08170341958147,-0.0370894098745157,1348.27259753334,1
0.057,0.196,1.03919626595628,-0.0326203542494763,1336.30278769864,1
0.06,0.196,1.00169165030237,-0.0287515311903536,1325.48784116661,1
0.063,0.196,0.968553135559215,-0.0253726294200272,1315.63579933167,1
0.066,0.196,0.939257377345039,-0.0223954454919632,1306.5909903254,1
0.069,0.196,0.913372817796147,-0.0197484309819148,1298.22573082909,1
0.072,0.196,0.890543388987563,-0.0173727253612096,1290.43408257137,1
0.075,0.196,0.870475927015226,-0.0152192356543426,1283.12707101427,1
0.078,0.196,0.8529303592243,-0.0132464657238108,1276.22895786317,1
0.081,0.196,0.837711978066077,-0.0114188913645721,1269.67428142165,1
0.084,0.196,0.824665290984947,-0.0097057398495287,1263.40546165245,1
0.087,0.196,0.813669059982294,-0.0080800750025941,1257.37082390396,1
0.09,0.196,0.804632232767501,-0.0065181181121631,1251.52293536724,1
0.093,0.196,0.79749053035163,-0.0049987553809256,1245.81717709255,1
0.096,0.196,0.792203500933885,-0.0035031969326961,1240.21049553117,1
0.099,0.196,0.788751882172136,-0.0020147624708335,1234.66029355964,1
0.102,0.196,0.787135137188521,-0.0005187756736576,1229.12343347436,1
0.105,0.196,0.787369046784751,0.0009974459340217,1223.55533466449,1
0.108,0.196,0.789483253584444,0.0025445161128383,1217.90915736784,1
0.111,0.196,0.793518665076439,0.0041308293373996,1212.13507161005,1
0.114,0.196,0.79952463348757,0.005762344064629,1206.17961744195,1
0.117,0.196,0.807555842629667,0.0074423109784586,1199.98516907536,1
0.12,0.196,0.817668846822124,0.0091709602067508,1193.48952147266,1
0.123,0.196,0.829918226064339,0.0109451655213413,1186.62562322496,1
0.126,0.196,0.844352346022327,0.0127581085081333,1179.32148387213,1
0.129,0.196,0.861008741993924,0.014598971298928,1171.50028675464,1
0.132,0.196,0.879909183222438,0.0164526921700421,1163.08073950949,1
0.135,0.196,0.901054517396251,0.0182998233882802,1153.97769281282,1
0.138,0.196,0.924419443549512,0.020116534136938,1144.10305329445,1
0.141,0.196,0.949947412246912,0.0218748019892764,1133.36700813181,1
0.144,0.196,0.97754590081764,0.0235428329070305,1121.67956628301,1
0.147,0.196,1.00708235293669,0.0250857408809839,1108.95240457482,1
0.15,0.196,1.03838109920424,0.0264665031763996,1095.10098632968,1
0.153,0.196,1.07122158101178,0.0276471854308527,1080.04689691381,1
0.156,0.196,1.10533817663891,0.0285904033230806,1063.72031623143,1
0.159,0.196,1.14042187055799,0.0292609562538407,1046.06252517882,1
0.162,0.196,1.17612391194536,0.0296275369695709,1027.02832435616,1
0.165,0.196,1.21206147889658,0.029664394123124,1006.58823210551,1
0.168,0.196,1.24782520939578,0.0293528079445194,984.730328170009,1
0.171,0.196,1.28298829370097,0.0286822377984734,961.461621118938,1
0.174,0.196,1.31711666592084,0.0276510182410522,936.808842914776,1
0.177,0.196,1.34977970853944,0.0262665182453986,910.818611477125,1
0.18,0.196,1.38056081486858,0.0245447337438511,883.55694857477,1
0.183,0.196,1.40906715761135,0.0225093496968578,855.108190678469,1
0.186,0.196,1.43493809362458,0.0201903744549419,825.573378068242,1
0.189,0.196,1.45785178940936,0.0176225046458308,795.068245794851,1
0.192,0.196,1.47752985941711,0.014843412552806,763.72096330787,1
0.195,0.196,1.49374003983345,0.0118921527105167,731.669774099607,1
0.198,0.196,1.50629713843606,0.0088078581896185,699.06067194914,1
0.201,0.196,1.5150626718006,0.0056288435554676,666.045218868996,1
0.204,0.196,1.51994369749482,0.0023921596694878,632.778567054212,1
0.207,0.196,1.52089135648388,-0.0008664324208383,599.417700290232,1
0.21,0.196,1.51789956039,-0.0041121721126966,566.119867269594,1
0.213,0.196,1.51100410490202,-0.0073108500583627,533.041147244131,1
0.216,0.196,1.50028229180318,-0.010428379710629,500.335072621561,1
0.219,0.196,1.48585293219305,-0.0134305642104679,468.151236016746,1
0.222,0.196,1.46787641826925,-0.016283197894512,436.633830334495,1
0.225,0.196,1.44655442168341,-0.0189525833143082,405.920106275121,1
0.228,0.196,1.42212872445838,-0.0214064733586173,376.13877657366,1
0.231,0.196,1.39487872200654,-0.0236153760786007,347.408443523773,1
0.234,0.196,1.36511725079458,-0.025554099217954,319.836169233778,1
0.237,0.196,1.33318456671147,-0.0272033718452986,293.516341401819,1
0.24,0.196,1.29944050662429,-0.028551366998397,268.530008489729,1
0.243,0.196,1.26425507482751,-0.0295949613777399,244.944867550323,1
0.246,0.196,1.22799788234957,-0.0303405996649578,222.81608954341,1
0.249,0.196,1.19102701549743,-0.0308046709430394,202.188167833975,1
0.252,0.196,1.15367802196458,-0.0310133382827682,183.097985447512,1
0.255,0.196,1.11625380042587,-0.0310017720579291,165.579327633651,1
0.258,0.196,1.07901631108952,-0.0308127005371677,149.669132873215,1
0.261,0.196,1.04218127505752,-0.0304940744973512,135.4158956555,1
0.264,0.196,1.00591754438375,-0.030095387830016,122.890831236016,1
0.267,0.196,0.970353860246844,-0.0296616817481678,112.20271867692,1
0.27,0.196,0.935597759443202,-0.0292232439739301,103.517786913332,1
0.273,0.196,0.901775431611549,-0.0287768309874991,97.0866693322611,1
0.276,0.196,0.86910940142191,-0.0282498665537156,93.2811325614326,1
0.279,0.196,0.838068045306373,-0.027426915533469,92.6445175385221,1
0.282,0.196,0.80965620979574,-0.0257983852635149,95.9558694318148,1
0.285,0.196,0.786009243057681,-0.0221820329848645,104.314040142987,1
0.288,0.196,0.771605826777222,-0.0139644880610365,119.136521883681,1
0.291,0.196,0.776303444311552,0.005994149534909,142.149720337805,1
0.294,0.196,0.820627212962106,0.0531638071383924,173.196940313475,1
0.297,0.196,0.968255417206536,0.20375672073852,205.828269293466,1
0.3,0.196,1.24363279645956,0.647212531061471,215.165396620207,4
0.0,0.198,6.0,1.0,5051.15575291654,3
0.003,0.198,3.68588339658443,-0.458955059994003,4202.98110601865,1
0.006,0.198,2.93527696036453,-0.4103585768823,3140.07923576109,1
0.009,0.198,2.36041222624635,-0.299132560394017,2540.48348170228,1
0.012,0.198,1.94476099416175,-0.210893090777527,2180.23608407153,1
0.015,0.198,1.64010777966888,-0.151603141841113,1955.03458778581,1
0.018,0.198,1.41271451236133,-0.112227381874299,1805.01732554737,1
0.021,0.198,1.23879724420247,-0.085551656385038,1699.79777625648,1
0.024,0.198,1.10264432823468,-0.066939954271018,1622.62096213964,1
0.027,0.198,0.993802297585842,-0.0535523225021877,1563.9129596994,1
0.03,0.198,0.905211762534958,-0.043644928920775,1517.8942931541,1
0.033,0.198,0.831993929978258,-0.0361245248323687,1480.91626527159,1
0.036,0.198,0.770695724822102,-0.0302874719779642,1450.57718574022,1
0.039,0.198,0.718815800548202,-0.0256681398779576,1425.23837081946,1
0.042,0.198,0.674502939908189,-0.021950007265965,1403.74626655824,1
0.045,0.198,0.636360198372743,-0.0189124184980943,1385.26669731585,1
0.048,0.198,0.603314994344458,-0.0163979265013621,1369.18227521294,1
0.051,0.198,0.574531098202824,-0.0142917564408976,1355.02678391125,1
0.054,0.198,0.549347796637368,-0.012508574703929,1342.44194290235,1
0.057,0.198,0.527237046706265,-0.0109837660243469,1331.14814534874,1
0.06,0.198,0.507772776448313,-0.0096675580647728,1320.92416610831,1
0.063,0.198,0.490608540967557,-0.0085209848447829,1311.59277363095,1
0.066,0.198,0.475461026703212,-0.0075130628050813,1303.01031506582,1
0.069,0.198,0.462097714832998,-0.0066187824549234,1295.05902865972,1
0.072,0.198,0.450327545759359,-0.0058176588527782,1287.64126109804,1
0.075,0.198,0.439993777136681,-0.0050926718604234,1280.6750357151,1
0.078,0.198,0.430968462928765,-0.0044294830094237,1274.09059116327,1
0.081,0.198,0.423148140834171,-0.0038158521260625,1267.82762486077,1
0.084,0.198,0.416450425487574,-0.0032412008652029,1261.8330528255,1
0.087,0.198,0.410811281427004,-0.00269628644092,1256.05915057869,1
0.09,0.198,0.406182803528448,-0.0021729598576653,1250.46197699266,1
0.093,0.198,0.402531370492889,-0.0016639905653765,1245.00000960639,1
0.096,0.198,0.399836063784028,-0.0011629447824324,1239.63293953935,1
0.099,0.198,0.398087263444912,-0.0006641084547422,1234.32058903202,1
0.102,0.198,0.397285345805266,-0.0001624483985657,1229.02192641177,1
0.105,0.198,0.397439417954907,0.0003463931043793,1223.69416300963,1
0.108,0.198,0.398566031343158,0.0008660739501567,1218.29192497844,1
0.111,0.198,0.400687823074756,0.0013995013178065,1212.76650058213,1
0.114,0.198,0.403832039377437,0.0019487575062168,1207.06517063889,1
0.117,0.198,0.408028902205291,0.002515006296673,1201.13063654722,1
0.12,0.198,0.413309787854071,0.0030983846099609,1194.90056668444,1
0.123,0.198,0.419705196582739,0.0036978856146891,1188.30728777406,1
0.126,0.198,0.427242505249537,0.0043112411778245,1181.27765274952,1
0.129,0.198,0.435943511406341,0.004934813515102,1173.73312022184,1
0.132,0.198,0.44582179740908,0.0055635079179437,1165.59008227761,1
0.135,0.198,0.456879966748198,0.0061907202446248,1156.76047627367,1
0.138,0.198,0.469106831280069,0.0068083341215504,1147.1527117949,1
0.141,0.198,0.482474655942771,0.0074067830854502,1136.67293529455,1
0.144,0.198,0.4969365946502,0.0079751917471257,1125.22664161395,1
0.147,0.198,0.512424474322282,0.0085016070293697,1112.72062340627,1
0.15,0.198,0.528847099651604,0.0089733252945927,1099.06522681756,1
0.153,0.198,0.546089255042292,0.0093773136295141,1084.1768556626,1
0.156,0.198,0.564011568125739,0.0097007139491672,1067.98063864322,1
0.159,0.198,0.582451368182284,0.0099314076386188,1050.41314759255,1
0.162,0.198,0.601224621288928,0.0100586073982513,1031.42503267465,1
0.165,0.198,0.62012895337585,0.0100734334831446,1010.98342665239,1
0.168,0.198,0.638947687289086,0.009969425575994,989.073968289102,1
0.171,0.198,0.657454728667566,0.009742940974433,965.70230732067,1
0.174,0.198,0.675420049215393,0.0093933959484268,940.894981263129,1
0.177,0.198,0.692615447676146,0.0089233203865916,914.699596439651,1
0.18,0.198,0.708820230851534,0.0083382152236896,887.184298361144,1
0.183,0.198,0.723826458602398,0.0076462252353213,858.436574030203,1
0.186,0.198,0.737443441656837,0.0068576630651725,828.561483348968,1
0.189,0.198,0.749501265857033,0.0059844397589803,797.679460748784,1
0.192,0.198,0.759853230529526,0.0050394688889745,765.923854678165,1
0.195,0.198,0.768377215399049,0.004036113025229,733.438377436203,1
0.198,0.198,0.774976110253962,0.0029877321269052,700.374620229965,1
0.201,0.198,0.779577535341274,0.0019073747084969,666.889751237267,1
0.204,0.198,0.782133133305383,0.0008076274966408,633.14446415626,1
0.207,0.198,0.782617717393793,-0.0002993879889595,599.301189729551,1
0.21,0.198,0.781028515957823,-0.0014019083097519,565.522532278573,1
0.213,0.198,0.777384668443648,-0.0024883650489578,531.969855747737,1
0.216,0.198,0.771727018124812,-0.0035472291614145,498.801925268947,1
0.219,0.198,0.764118130720666,-0.0045669240157154,466.17351373825,1
0.222,0.198,0.754642365444773,-0.0055358560836119,434.233907672781,1
0.225,0.198,0.743405753053565,-0.0064425918573066,403.125288619675,1
0.228,0.198,0.730535405851728,-0.0072761847199889,372.981018946963,1
0.231,0.198,0.716178201772323,-0.0080266304492533,343.9239159391,1
0.234,0.198,0.700498545035452,-0.0086854090445118,316.064647893433,1
0.237,0.198,0.68367509883275,-0.0092460570203019,289.500424247043,1
0.24,0.198,0.665896495474327,-0.0097047100304563,264.314175539849,1
0.243,0.198,0.647356139410828,-0.0100605605742581,240.574428969618,1
0.246,0.198,0.6282463135921,-0.0103161875294647,218.336086226553,1
0.249,0.198,0.608751870375209,-0.0104777296857641,197.642310891106,1
0.252,0.198,0.589043833485108,-0.0105548895065982,178.527745108886,1
0.255,0.198,0.569273266385898,-0.0105607603640545,161.023315130574,1
0.258,0.198,0.549565796167735,-0.0105114635479907,145.162972650916,1
0.261,0.198,0.530017258555775,-0.0104255505673077,130.992880981057,1
0.264,0.198,0.510691113412734,-0.0103230535502762,118.583832987577,1
0.267,0.198,0.491618686892392,-0.010223917323832,108.048146434145,1
0.27,0.198,0.472804148232801,-0.0101452295856141,99.5630409090933,1
0.273,0.198,0.454237893782085,-0.0100960363985339,93.4037258101854,1
0.276,0.198,0.435925699650702,-0.0100668526492157,89.991628583941,1
0.279,0.198,0.417949122081838,-0.0100082972137918,89.9661071573827,1
0.282,0.198,0.400590987408769,-0.0097789217410512,94.2967846466401,1
0.285,0.198,0.384606247078788,-0.009043057483546,104.446237476742,1
0.288,0.198,0.371838128859281,-0.0068650494843402,122.680700034319,1
0.291,0.198,0.366743391466609,-0.0013353920025589,152.182531432333,1
0.294,0.198,0.380863552762141,0.0170781047607184,198.424191207113,1
0.297,0.198,0.445143213932008,0.0559995260083348,261.620763194009,1
0.3,0.198,0.766479098650904,0.447805475205602,327.156811056508,4
0.0,0.2,0.0,0.0,5193.43688906801,3
0.003,0.2,0.0,0.0,4221.61651735791,2
0.006,0.2,0.0,0.0,3116.30804669906,2
0.009,0.2,0.0,0.0,2496.71208551861,2
0.012,0.2,0.0,0.0,2142.36906414371,2
0.015,0.2,0.0,0.0,1923.83351387335,2
0.018,0.2,0.0,0.0,1780.11324331039,2
0.021,0.2,0.0,0.0,1679.82425249119,2
0.024,0.2,0.0,0.0,1606.444218508,2
0.027,0.2,0.0,0.0,1550.64536745247,2
0.03,0.2,0.0,0.0,1506.87897401371,2
0.033,0.2,0.0,0.0,1471.66790216272,2
0.036,0.2,0.0,0.0,1442.73515313079,2
0.039,0.2,0.0,0.0,1418.53138080194,2
0.042,0.2,0.0,0.0,1397.96743027896,2
0.045,0.2,0.0,0.0,1380.25604044505,2
0.048,0.2,0.0,0.0,1364.81447052593,2
0.051,0.2,0.0,0.0,1351.20246587509,2
0.054,0.2,0.0,0.0,1339.08148834502,2
0.057,0.2,0.0,0.0,1328.18716421159,2
0.06,0.2,0.0,0.0,1318.31019106627,2
0.063,0.2,0.0,0.0,1309.28280036899,2
0.066,0.2,0.0,0.0,1300.96895363574,2
0.069,0.2,0.0,0.0,1293.25709909698,2
0.072,0.2,0.0,0.0,1286.05471563472,2
0.075,0.2,0.0,0.0,1279.28412346958,2
0.078,0.2,0.0,0.0,1272.87920431405,2
0.081,0.2,0.0,0.0,1266.7827814128,2
0.084,0.2,0.0,0.0,1260.94448238466,2
0.087,0.2,0.0,0.0,1255.31895754812,2
0.09,0.2,0.0,0.0,1249.86436129384,2
0.093,0.2,0.0,0.0,1244.5410290909,2
0.096,0.2,0.0,0.0,1239.31030116948,2
0.099,0.2,0.0,0.0,1234.13345800875,2
0.102,0.2,0.0,0.0,1228.97074396647,2
0.105,0.2,0.0,0.0,1223.78046474249,2
0.108,0.2,0.0,0.0,1218.51815257773,2
0.111,0.2,0.0,0.0,1213.13580062512,2
0.114,0.2,0.0,0.0,1207.581175078,2
0.117,0.2,0.0,0.0,1201.79722053195,2
0.12,0.2,0.0,0.0,1195.72158066189,2
0.123,0.2,0.0,0.0,1189.28626243695,2
0.126,0.2,0.0,0.0,1182.41747742827,2
0.129,0.2,0.0,0.0,1175.03569778403,2
0.132,0.2,0.0,0.0,1167.05596649359,2
0.135,0.2,0.0,0.0,1158.38850085837,2
0.138,0.2,0.0,0.0,1148.93962378933,2
0.141,0.2,0.0,0.0,1138.61304885687,2
0.144,0.2,0.0,0.0,1127.31153130576,2
0.147,0.2,0.0,0.0,1114.93887824953,2
0.15,0.2,0.0,0.0,1101.40228727488,2
0.153,0.2,0.0,0.0,1086.61495476996,2
0.156,0.2,0.0,0.0,1070.49886539412,2
0.159,0.2,0.0,0.0,1052.98764511414,2
0.162,0.2,0.0,0.0,1034.02933581111,2
0.165,0.2,0.0,0.0,1013.58893371336,2
0.168,0.2,0.0,0.0,991.65053077227,2
0.171,0.2,0.0,0.0,968.21891058958,2
0.174,0.2,0.0,0.0,943.32047991184,2
0.177,0.2,0.0,0.0,917.00346188356,2
0.18,0.2,0.0,0.0,889.337334294943,2
0.183,0.2,0.0,0.0,860.411558488251,2
0.186,0.2,0.0,0.0,830.333704147734,2
0.189,0.2,0.0,0.0,799.227123201806,2
0.192,0.2,0.0,0.0,767.228355016111,2
0.195,0.2,0.0,0.0,734.484450192534,2
0.198,0.2,0.0,0.0,701.150380689016,2
0.201,0.2,0.0,0.0,667.386662884284,2
0.204,0.2,0.0,0.0,633.357264567,2
0.207,0.2,0.0,0.0,599.227806030966,2
0.21,0.2,0.0,0.0,565.164009717413,2
0.213,0.2,0.0,0.0,531.330311408082,2
0.216,0.2,0.0,0.0,497.888525608339,2
0.219,0.2,0.0,0.0,464.996461664139,2
0.222,0.2,0.0,0.0,432.806414566666,2
0.225,0.2,0.0,0.0,401.463500763451,2
0.228,0.2,0.0,0.0,371.103867207628,2
0.231,0.2,0.0,0.0,341.852862409134,2
0.234,0.2,0.0,0.0,313.823312682308,2
0.237,0.2,0.0,0.0,287.114088299316,2
0.24,0.2,0.0,0.0,261.809169400589,2
0.243,0.2,0.0,0.0,237.977431080309,2
0.246,0.2,0.0,0.0,215.673366400364,2
0.249,0.2,0.0,0.0,194.938964809904,2
0.252,0.2,0.0,0.0,175.806975085876,2
0.255,0.2,0.0,0.0,158.305823893148,2
0.258,0.2,0.0,0.0,142.46655603558,2
0.261,0.2,0.0,0.0,128.332342112057,2
0.264,0.2,0.0,0.0,115.97141217085,2
0.267,0.2,0.0,0.0,105.494803805611,2
0.27,0.2,0.0,0.0,97.081201197139,2
0.273,0.2,0.0,0.0,91.0127008862825,2
0.276,0.2,0.0,0.0,87.7279218108589,2
0.279,0.2,0.0,0.0,87.9045035879021,2
0.282,0.2,0.0,0.0,92.5887618811235,2
0.285,0.2,0.0,0.0,103.427033113755,2
0.288,0.2,0.0,0.0,122.98732849919,2
0.291,0.2,0.0,0.0,155.761014543783,2
0.294,0.2,0.0,0.0,207.69470275269,2
0.297,0.2,0.0,0.0,297.477878302703,2
0.3,0.2,0.0,0.0,423.174603981409,4
